1.705051250000000000e+08
1.699068640000000000e+08
1.687050290000000000e+08
1.688905200000000000e+08
1.709103870000000000e+08
1.710262390000000000e+08
1.692508820000000000e+08
1.698502770000000000e+08
1.704417740000000000e+08
1.712478020000000000e+08
1.695074620000000000e+08
1.701761720000000000e+08
1.693122980000000000e+08
1.702859940000000000e+08
1.707077860000000000e+08
1.699523390000000000e+08
1.689344630000000000e+08
1.697214920000000000e+08
1.712820250000000000e+08
1.703426440000000000e+08
1.700924490000000000e+08
1.702537380000000000e+08
1.701926230000000000e+08
1.692476400000000000e+08
1.696665970000000000e+08
1.706853590000000000e+08
1.698676370000000000e+08
1.696402000000000000e+08
1.687825200000000000e+08
1.700548460000000000e+08
1.686043980000000000e+08
1.708954540000000000e+08
1.711100320000000000e+08
1.728329380000000000e+08
