9.269747521207225560e-01 9.211978599599991435e-01 9.047821414058215828e-01 8.936439656660857267e-01 8.408053561203484572e-01 7.884830442733775646e-01 7.320900213508095833e-01 6.829848434306112770e-01 6.389041865552042010e-01 5.945597952037733336e-01 5.561302568770728483e-01 5.197651705188887084e-01 4.853037192584641613e-01 4.554991138755339897e-01 4.277332941478657613e-01 4.025739046384986253e-01 3.779539769940397642e-01
1.052534228653948301e+00 1.011312164557725435e+00 9.627904976468378839e-01 9.043725707820002846e-01 8.472175890359538997e-01 7.887000481140670205e-01 7.359165137022002368e-01 6.853249381648273131e-01 6.408513549399361686e-01 5.996766026702511354e-01 5.598060586815765127e-01 5.255229358262659689e-01 4.908717671840365226e-01 4.609096296633733991e-01 4.341202516534011790e-01 4.088621288743879978e-01 3.853501808992690902e-01
1.107161587932626867e+00 1.041655442609122906e+00 9.719777052314066967e-01 9.088496000827779309e-01 8.483231106437464364e-01 7.926168529281162334e-01 7.373563242426204312e-01 6.904285207058795670e-01 6.453768600264838673e-01 6.045431289458531587e-01 5.656988986440730782e-01 5.305501263394440947e-01 4.972385722244180295e-01 4.674573439551562015e-01 4.415643004580690478e-01 4.171199548000312229e-01 3.940818558503237923e-01
1.114963463878564376e+00 1.045471153647680396e+00 9.752092850801056256e-01 9.115464722014071652e-01 8.505910138932316622e-01 7.964228212709656418e-01 7.426311843388689882e-01 6.943816741527261138e-01 6.509305158435767513e-01 6.094367418139896575e-01 5.715332448022873990e-01 5.372295228793856348e-01 5.045045612679762703e-01 4.757993801261096167e-01 4.503589103341842370e-01 4.266399831133640408e-01 4.043173379749162577e-01
1.119063394757744856e+00 1.045490369945548004e+00 9.789468077865532969e-01 9.137556511294498973e-01 8.556668658987648390e-01 7.998186299208954742e-01 7.470125897993478148e-01 6.991070178192481110e-01 6.559019800135665879e-01 6.159340693458305038e-01 5.785255148855978913e-01 5.452291457353916071e-01 5.131465133722895589e-01 4.852475138370788144e-01 4.606024595294102575e-01 4.377108578148675710e-01 4.162552539372668114e-01
1.121223076486630221e+00 1.049006442852633780e+00 9.813005139899895202e-01 9.174554559302158241e-01 8.582062020758136622e-01 8.038908865533852532e-01 7.510820607977296559e-01 7.048858348102747806e-01 6.623131247735953853e-01 6.232200990277648733e-01 5.866866450291675639e-01 5.542399971325815411e-01 5.231657284200778024e-01 4.961446331733176396e-01 4.724051776833539940e-01 4.504297075802048411e-01 4.299350557704013642e-01
1.122395776194341499e+00 1.051562567219618938e+00 9.830875380161924193e-01 9.198081953459275040e-01 8.612688462738322670e-01 8.111284840347946501e-01 7.566952577754318954e-01 7.110816168275956306e-01 6.696462981117805580e-01 6.314329910918524691e-01 5.959482688049299037e-01 5.645232167000131529e-01 5.345371137018529728e-01 5.085527906333892068e-01 4.858275846936045972e-01 4.648880158187356226e-01 4.454544628180059362e-01
1.122920084155520026e+00 1.051252661795706089e+00 9.848814412684364639e-01 9.221817066774798954e-01 8.652316799714269147e-01 8.127950636527379036e-01 7.625358809336064692e-01 7.180518661237260680e-01 6.777723398812682820e-01 6.407343161336486181e-01 6.064212848629922936e-01 5.761565631207935523e-01 5.473544764874593849e-01 5.225461688982262487e-01 5.009330711560922023e-01 4.811093664732087327e-01 4.627942147637418846e-01
1.122248275768228387e+00 1.051863156320642867e+00 9.862174866693363962e-01 9.247806380660760217e-01 8.690312487582284584e-01 8.179757047018348937e-01 7.690179084755862648e-01 7.258427558281329572e-01 6.868429757477770847e-01 6.511101783243773422e-01 6.181168328478242602e-01 5.891390112505932031e-01 5.616578146416723039e-01 5.380757818727613939e-01 5.176472808824148508e-01 4.989610892492102878e-01 4.817758036052180448e-01
1.120966327036813759e+00 1.051981725012265834e+00 9.873855819493604358e-01 9.272852976358457733e-01 8.730837284754154881e-01 8.235356596380136729e-01 7.761235386391093227e-01 7.344194763559321881e-01 6.968693339416426324e-01 6.625894723848703149e-01 6.310392584924945369e-01 6.034212118288517779e-01 5.773334520152751947e-01 5.550296328665065282e-01 5.357704044285868106e-01 5.181793056649273144e-01 5.020394106590209127e-01
1.119325840914133119e+00 1.051432716628692754e+00 9.883622332255950216e-01 9.298675023263517359e-01 8.774683417666471197e-01 8.295511521185112702e-01 7.838781882710387228e-01 7.438101251339649389e-01 7.078434829162333353e-01 6.751091154001935823e-01 6.450680424961128256e-01 6.188542762443740575e-01 5.941665842845319512e-01 5.730952833708367056e-01 5.549184235895470163e-01 5.383114543154833287e-01 5.230632420239660352e-01
1.116980902312009416e+00 1.050741813213504017e+00 9.891971541988234806e-01 9.324824084894774989e-01 8.820924793748519122e-01 8.360170841977330181e-01 7.922557011951592010e-01 7.539303672542334578e-01 7.196157008000800825e-01 6.884979345106969628e-01 6.599873989964588628e-01 6.351451893484143518e-01 6.117839547480163898e-01 5.918427639596554046e-01 5.746003198814395585e-01 5.588124924353126133e-01 5.442805337519623921e-01
1.114112310666562689e+00 1.049634147712189547e+00 9.899029632761606745e-01 9.351803632753712403e-01 8.869878678691943685e-01 8.428948548197148227e-01 8.011431940875434199e-01 7.646486682938115065e-01 7.320140155244154734e-01 7.024875026451052884e-01 6.754567742517777473e-01 6.518859070402506228e-01 6.297288663899258676e-01 6.107574801214069593e-01 5.942896415083172013e-01 5.791611479562664977e-01 5.652146577273926553e-01
1.110754375820430573e+00 1.048256509690749017e+00 9.905108613766355763e-01 9.379474788276475072e-01 8.920953994104792173e-01 8.500780197449924191e-01 8.103980230110530147e-01 7.757216090166360045e-01 7.447440510310049389e-01 7.167324349014151386e-01 6.910665177029493567e-01 6.686308698984919641e-01 6.475308670713739723e-01 6.293901563430247537e-01 6.135748473409815551e-01 5.990175222932958565e-01 5.856082325125294696e-01
1.106982011950291556e+00 1.046638087963241093e+00 9.910321545984026592e-01 9.407716214391823595e-01 8.973327861119740900e-01 8.574212089720053553e-01 8.198079714904599191e-01 7.868959776354983449e-01 7.574793458455137962e-01 7.308563755113101079e-01 7.064271293142996289e-01 6.849967370245504394e-01 6.648434874272539652e-01 6.474478106716184955e-01 6.322334573812663505e-01 6.182411672005058145e-01 6.054004995839420422e-01
1.102826386344776699e+00 1.044814434410983317e+00 9.914919309167247174e-01 9.436187137191809349e-01 9.025921795053473140e-01 8.647599930157935377e-01 8.291280174627342348e-01 7.978868834807639754e-01 7.699144364652179551e-01 7.445670925033212040e-01 7.212640001586126948e-01 7.007534942921946897e-01 6.814944764580652681e-01 6.648271255729879536e-01 6.502342800281024626e-01 6.368541924078485739e-01 6.246510946984494828e-01
1.098397744798754738e+00 1.042838083274411076e+00 9.918967058130550019e-01 9.464462223572251975e-01 9.077626511149943234e-01 8.719209849684356195e-01 8.381685981200720503e-01 8.084793421738346586e-01 7.818394986714610750e-01 7.576798569035478881e-01 7.354454337039431078e-01 7.158348186919385459e-01 6.974675423882333858e-01 6.815645967273510353e-01 6.676541820090265977e-01 6.549524284760478432e-01 6.434526962234152769e-01
1.093746219614569748e+00 1.040768392998927094e+00 9.922684725049250032e-01 9.492223387232161524e-01 9.127455264102276589e-01 8.787830591560242821e-01 8.467908373811181555e-01 8.185568819543623809e-01 7.931869384705919623e-01 7.701669459248170480e-01 7.489870012788087950e-01 7.302780309303257278e-01 7.128451167568975455e-01 6.977516618825815309e-01 6.845697348404885529e-01 6.726012801757322856e-01 6.618447906343768450e-01
1.089023032735743302e+00 1.038665252300064124e+00 9.926235860487713225e-01 9.519092342088633085e-01 9.174874290977872437e-01 8.852820074449635479e-01 8.549570688891890979e-01 8.281057418454721430e-01 8.039619347767251734e-01 7.820639880602923144e-01 7.619538136149578422e-01 7.441827007741397271e-01 7.277051568990282604e-01 7.134616132515518849e-01 7.010369931875218841e-01 6.898131984599747968e-01 6.798021579944294457e-01
1.084336285713714876e+00 1.036597493323885510e+00 9.929799070471001521e-01 9.544969711073316709e-01 9.219652983429911242e-01 8.914250443034781313e-01 8.626836502422768893e-01 8.371708270847008082e-01 8.142298331042361337e-01 7.934641602036711650e-01 7.744239292950296782e-01 7.575980747796939863e-01 7.420984929109004646e-01 7.287056455846787628e-01 7.170290392550175973e-01 7.065309105514856469e-01 6.972285884596208794e-01
1.079789106031072921e+00 1.034628220673079912e+00 9.933507473045990466e-01 9.569733143358880589e-01 9.262059353310939658e-01 8.972420783994853322e-01 8.700241540795370376e-01 8.458198937494137981e-01 8.240752984533850078e-01 8.044222537147901475e-01 7.864509033105583358e-01 7.705694765197972362e-01 7.560188905026303807e-01 7.434416284859568513e-01 7.324779829492662486e-01 7.226542381600254972e-01 7.139620581736602078e-01
1.075460698384835601e+00 1.032774547304993185e+00 9.937460191906819507e-01 9.593550622950354212e-01 9.302333768335981912e-01 9.027712375971338465e-01 8.770276637103513462e-01 8.540976374725863796e-01 8.335188588902363582e-01 8.149632358046080549e-01 7.980371807015940178e-01 7.830534348099699171e-01 7.694147994657768441e-01 7.576083045408046335e-01 7.472806960015078159e-01 7.380275281492243433e-01 7.298494094681166056e-01
1.071391502845810306e+00 1.031067004334051740e+00 9.941751736141553053e-01 9.616483225829269843e-01 9.340767257286879399e-01 9.080577925629357283e-01 8.837284598846520955e-01 8.620292882354458897e-01 8.425867877174506582e-01 8.250835367813990073e-01 8.091449592636605903e-01 7.950121269639403021e-01 7.822017546210799921e-01 7.710867620563345293e-01 7.612975206639385206e-01 7.525162482523825025e-01 7.447436844479840001e-01
1.067576988736550936e+00 1.029482835633464655e+00 9.946245188255780079e-01 9.638677253177939663e-01 9.377481394757909428e-01 9.131058956442503760e-01 8.901363079123272293e-01 8.696226902963296590e-01 8.512520756438944902e-01 8.347418154206418528e-01 8.197255551812225871e-01 8.063602924348118872e-01 7.943129276964924212e-01 7.837670335435438229e-01 7.744152068472234252e-01 7.659979215575625222e-01 7.585036776118520008e-01
1.063990307415163983e+00 1.028003907806959605e+00 9.950910931354358668e-01 9.660215354035619484e-01 9.412508297158228565e-01 9.179294190824187627e-01 8.962538215408925035e-01 8.768535446043964621e-01 8.594923635179638755e-01 8.438832063602845768e-01 8.297182009343835318e-01 8.170334239985758140e-01 8.056213227101615137e-01 7.955681764807576162e-01 7.865495458885991553e-01 7.783723967491836815e-01 7.710463567708929489e-01
1.060580257793398706e+00 1.026608460361741804e+00 9.955655320724083879e-01 9.681093754542601237e-01 9.445897486662578890e-01 9.225076640663766314e-01 9.020565853303638137e-01 8.836936643556627669e-01 8.672588392869627905e-01 8.524843784690078197e-01 8.390455312680643596e-01 8.269528425940845251e-01 8.160895358139006461e-01 8.064005550934746358e-01 7.976068242672660347e-01 7.895936364415155895e-01 7.823498407233598906e-01
1.057323004945265321e+00 1.025274497772922011e+00 9.960412098803714809e-01 9.701122905650920725e-01 9.477541272038589870e-01 9.268405426127787061e-01 9.075235894259583436e-01 8.901207627739378125e-01 8.745143494829515918e-01 8.604765751261960194e-01 8.476977646143274425e-01 8.360935330614133187e-01 8.256740461413561993e-01 8.162689405044813995e-01 8.076046028726016068e-01 7.996746015856041057e-01 7.924247552157921426e-01
1.054197172453559039e+00 1.024011548897630464e+00 9.965096985135036833e-01 9.720449536773599908e-01 9.507436186815646506e-01 9.309152884201929989e-01 9.126345335073867693e-01 8.960979025782436214e-01 8.812409507544666232e-01 8.678437707499950804e-01 8.556030175848897690e-01 8.444058319443878968e-01 8.343416750484978772e-01 8.251209487301355283e-01 8.165730764895191562e-01 8.086245874499234931e-01 8.013702924681290751e-01
1.051207651063734039e+00 1.022815344585866315e+00 9.969770869990881579e-01 9.738893565962291055e-01 9.535400522436152659e-01 9.346998510517527947e-01 9.173645099746366993e-01 9.016025212653071552e-01 8.874077419516658294e-01 8.745541874975056862e-01 8.628067783731385720e-01 8.519081316994346897e-01 8.421123120445977994e-01 8.330379618812039366e-01 8.245205226642429164e-01 8.165711213708525262e-01 8.092259135007556781e-01
1.048386471168445411e+00 1.021705826535633577e+00 9.974347050601950482e-01 9.756330473782772739e-01 9.561463574318139758e-01 9.382059163262034263e-01 9.217121159254459961e-01 9.066466465862549340e-01 8.929937984819802388e-01 8.806401939100628740e-01 8.692461948964016472e-01 8.586172243264321713e-01 8.490399331446575326e-01 8.400632622930318538e-01 8.315097837182063856e-01 8.235529652573441162e-01 8.161861261707392678e-01
1.045744438886193617e+00 1.020679188527602088e+00 9.978973339926143771e-01 9.772577135295617001e-01 9.585417779260801963e-01 9.414117409265728709e-01 9.256897715491336776e-01 9.112077348655848175e-01 8.980530235533082939e-01 8.860908675454198802e-01 8.750334846261140775e-01 8.645772988653385172e-01 8.551450864154374054e-01 8.462474775327180065e-01 8.377092593624934080e-01 8.297097528327991300e-01 8.222979014434416145e-01
1.043316900663070923e+00 1.019760113273098234e+00 9.983116475750266616e-01 9.787491796026932533e-01 9.607384670755192424e-01 9.443242032144156806e-01 9.292714357964394489e-01 9.153228450526462723e-01 9.025968226012558437e-01 8.909368119826208687e-01 8.801390429831270623e-01 8.698426286720836176e-01 8.605582047752154962e-01 8.517103419754068483e-01 8.431690919954599739e-01 8.351770874107677933e-01 8.278067005521725363e-01
1.041098253899389370e+00 1.018926476264929937e+00 9.987009317597219660e-01 9.800888750420914119e-01 9.627220870660048169e-01 9.469692054573948248e-01 9.325023089923618613e-01 9.189877026976347452e-01 9.066165168381427053e-01 8.952466328476585966e-01 8.846834001778947076e-01 8.745287155280362379e-01 8.653657996053597534e-01 8.565620678668602883e-01 8.480144090735488582e-01 8.400355470438787275e-01 8.327803223106211572e-01
1.039133180728912809e+00 1.018211898358557299e+00 9.990645645532694186e-01 9.813163982603815283e-01 9.645156231078310105e-01 9.493266684629466656e-01 9.353740937909840181e-01 9.222568246751684518e-01 9.102047584748520492e-01 8.990757152661013052e-01 8.886967365269734520e-01 8.786287041805133091e-01 8.695678413268624896e-01 8.608497755780387672e-01 8.523749809808910394e-01 8.445064774193790091e-01 8.374431116449951862e-01
1.037375331702169001e+00 1.017564949718318346e+00 9.993453006671375594e-01 9.823640796823548405e-01 9.661197117628288478e-01 9.514296543675355711e-01 9.379302208573665478e-01 9.251443465465686300e-01 9.133328171316118516e-01 9.024357284355096764e-01 8.922411068995081962e-01 8.822803873342496273e-01 8.733366370467520179e-01 8.647270426782418529e-01 8.563321549130349375e-01 8.487373315488607739e-01 8.422913718796517513e-01
1.035830090434612494e+00 1.016993451769695911e+00 9.995955308099003789e-01 9.833090484923683317e-01 9.675204223444499041e-01 9.532744624395093069e-01 9.401946422575999662e-01 9.277178650710788954e-01 9.161394334866322930e-01 9.054192637401219379e-01 8.953779441890009627e-01 8.855225722837545277e-01 8.767704763627597320e-01 8.682485546158359435e-01 8.601540036018372470e-01 8.531499146073882045e-01 8.481296083708397271e-01
1.034457915534535477e+00 1.016476698712146520e+00 9.998133249689953317e-01 9.840876629861271541e-01 9.687965135285140361e-01 9.549135928906623549e-01 9.421994103421359457e-01 9.299787359702303968e-01 9.186240801956221391e-01 9.080772416560535243e-01 8.981647592842653127e-01 8.885228247864216389e-01 8.799039980925404958e-01 8.716756804894030264e-01 8.641783728838825507e-01 8.586357298479785349e-01 8.499377626996689195e-01
1.033289700781191423e+00 1.016022391853125040e+00 9.999536385182938858e-01 9.848020294834590738e-01 9.699044803797329806e-01 9.563984198093539169e-01 9.439730089960275405e-01 9.319781722804292290e-01 9.208472941212942908e-01 9.104457643958245860e-01 9.007579140967756359e-01 8.912807207453280478e-01 8.828958980634781240e-01 8.753052841257715766e-01 8.693057752986719233e-01 8.601900091409094840e-01 8.498701299539485055e-01
1.032254941688298899e+00 1.015640247757269243e+00 1.000107554799422704e+00 9.853916426658392291e-01 9.708902346671258732e-01 9.576968375493608576e-01 9.455452237520902692e-01 9.337739375433473654e-01 9.228422589718832114e-01 9.126184057593307308e-01 9.031691066151226188e-01 8.939266674431546322e-01 8.861394026092604959e-01 8.800458903683086032e-01 8.708434008496002132e-01 8.607397537665500975e-01 8.422212118329681640e-01
1.031340048967289036e+00 1.015290423654602980e+00 1.000192201174003870e+00 9.858908738922597115e-01 9.717544648132936391e-01 9.588577270758241733e-01 9.469405722480361831e-01 9.354049986364564306e-01 9.246827022921215722e-01 9.146928554911865072e-01 9.054570623619538905e-01 8.967500832126507060e-01 8.904858799634051136e-01 8.817758719735298012e-01 8.718368252705673838e-01 8.538507138698820942e-01 8.327244103701693101e-01
1.030580415204933376e+00 1.014951730746311620e+00 1.000303637684311520e+00 9.863220060178427007e-01 9.725404842063921640e-01 9.598929026580180768e-01 9.482340856932256479e-01 9.368901293954687848e-01 9.264166622221533531e-01 9.167027466751214160e-01 9.079585063232423758e-01 9.005379650175582285e-01 8.925569480293220614e-01 8.829985068466944531e-01 8.658658124778930709e-01 8.442922596006398051e-01 8.210938732729027301e-01
1.029878774352955384e+00 1.014696547806695159e+00 1.000382496264797361e+00 9.867250079724853018e-01 9.732189874870370572e-01 9.608273491731149640e-01 9.494492979019670820e-01 9.383706368130065867e-01 9.280970966164603375e-01 9.187743404866274277e-01 9.111936678974970061e-01 9.031894668780817703e-01 8.935968265391229792e-01 8.781371351100886180e-01 8.562852501170794550e-01 8.333805611356567278e-01 8.084022184115202680e-01
1.029294956402607708e+00 1.014451958216266769e+00 1.000432210413430445e+00 9.871252437808859526e-01 9.739033556956782078e-01 9.617179221695495439e-01 9.505739445809479049e-01 9.397447271113983369e-01 9.298849945598107736e-01 9.215498584488608369e-01 9.143802940929407486e-01 9.036726074025518418e-01 8.901542917509135400e-01 8.688733977334062164e-01 8.462285066071963957e-01 8.211285726282975261e-01 7.941928453586525327e-01
1.028773529896588990e+00 1.014291967434844954e+00 1.000560753438771933e+00 9.874604270708124965e-01 9.744918952509781240e-01 9.625903550065794123e-01 9.517426981573317013e-01 9.412679003519818233e-01 9.321765261512656719e-01 9.249572198688345015e-01 9.143958537669294451e-01 9.018820370573377154e-01 8.816797719810203215e-01 8.595258837566687182e-01 8.342853279044720738e-01 8.074569644124608425e-01 7.795613516400058396e-01
1.028344475105483324e+00 1.014153614024510874e+00 1.000697297634537630e+00 9.878241484094106850e-01 9.751521835202965338e-01 9.634964654325309796e-01 9.529649686901591199e-01 9.431272921068978299e-01 9.354639491378334837e-01 9.249786435776432558e-01 9.141483269737268325e-01 8.945318476303478761e-01 8.725614255854150514e-01 8.479450914910130477e-01 8.213525048396833617e-01 7.932480741323000295e-01 7.645535123404479938e-01
1.027973141298704096e+00 1.014062066131448780e+00 1.000866941149324507e+00 9.882571729495737145e-01 9.758107929593684560e-01 9.644398369737438026e-01 9.544493144284036390e-01 9.459709292570738226e-01 9.361317738001851962e-01 9.255269878101458625e-01 9.080542037035508329e-01 8.852246065773676786e-01 8.616711291382511684e-01 8.357504546260975387e-01 8.074932794960960614e-01 7.786508101431798279e-01 7.491646333909582900e-01
1.027647295968510122e+00 1.014009455975006135e+00 1.001111817013440097e+00 9.887397512386167930e-01 9.765072291063577881e-01 9.655744782231451273e-01 9.566822898425334509e-01 9.476630874490545864e-01 9.364089369005635932e-01 9.209378965808391326e-01 8.988294771368784408e-01 8.753868614649783497e-01 8.499919624768811355e-01 8.222948877367877163e-01 7.933362797093764796e-01 7.637516952697729344e-01 7.334962529794337716e-01
1.027465073878862434e+00 1.014093522047383455e+00 1.001387923678107805e+00 9.892403456509121229e-01 9.773546833875685902e-01 9.673060014921499583e-01 9.592047687764069241e-01 9.472225019476265828e-01 9.338791167071300858e-01 9.125705741316774144e-01 8.899031431454744734e-01 8.640481762004819100e-01 8.371905504680482446e-01 8.085669950722984556e-01 7.788776798231294984e-01 7.485503222747299512e-01 7.176654781107252301e-01
1.027307935031129604e+00 1.014214966062923162e+00 1.001845447233056019e+00 9.900695257587205367e-01 9.786746510660917497e-01 9.699281714136257504e-01 9.586091433317485144e-01 9.467037730458772726e-01 9.268863627031160846e-01 9.037834694092069521e-01 8.789942538154593699e-01 8.520500688067534911e-01 8.238549344695993426e-01 7.945694942337792055e-01 7.641441760827160090e-01 7.331529302420134453e-01 7.017766900109875250e-01
1.027235023021776605e+00 1.014428152199956967e+00 1.002507296613259324e+00 9.913120829373912590e-01 9.808135222461181746e-01 9.702445033937167063e-01 9.588668339463687351e-01 9.411270393513886390e-01 9.177522967634419437e-01 8.938352182924291789e-01 8.677007423106323225e-01 8.390961625890106523e-01 8.102729760410284365e-01 7.803045322835953090e-01 7.491997021965474124e-01 7.176681818602218543e-01 6.859306643269404979e-01
1.027272947970903516e+00 1.014801929273046799e+00 1.003598589258725804e+00 9.933311877267688716e-01 9.824033810119058296e-01 9.697680820484457787e-01 9.552479013707809719e-01 9.326258347371889634e-01 9.090523602105038403e-01 8.828987880311689462e-01 8.553402870415486303e-01 8.259583375097224733e-01 7.964727640190977231e-01 7.658137897872256961e-01 7.341280177040768740e-01 7.021898746876630293e-01 6.702058769237163594e-01
1.027431793377229008e+00 1.015379150264263952e+00 1.005353570836846844e+00 9.943374457045712767e-01 9.814488102669488567e-01 9.686331944198099952e-01 9.481564307510259582e-01 9.241773019276368073e-01 8.985007855309136149e-01 8.713945266375242582e-01 8.425926385244416617e-01 8.126011975073879068e-01 7.824492217511004322e-01 7.511681688910017973e-01 7.190266192617684737e-01 6.867947272799355130e-01 6.546615754036108070e-01
1.027697922575128819e+00 1.016554425090160807e+00 1.006315707512185353e+00 9.933117667997095612e-01 9.814727356962530402e-01 9.630020774390836147e-01 9.393120987086849283e-01 9.146173257498994014e-01 8.876937629852642564e-01 8.590271430563897193e-01 8.296521171065998068e-01 7.990372107490122389e-01 7.682504488172765544e-01 7.364482234650477910e-01 7.039730524639086218e-01 6.715410386919120622e-01 6.393590373438783336e-01
1.028342407493353816e+00 1.018118033713834913e+00 1.005478810703017700e+00 9.933051605055206457e-01 9.778641300570237727e-01 9.548201514307841364e-01 9.310172966238423609e-01 9.041405155042157027e-01 8.759685838506879874e-01 8.465223921199268586e-01 8.165351724601688232e-01 7.853017059738698347e-01 7.539422811917709799e-01 7.217414400430679500e-01 6.890209064903017877e-01 6.564839982496125659e-01 6.243221198767506808e-01
1.029402272970359355e+00 1.018691930927972056e+00 1.004990852106924848e+00 9.913167542395524556e-01 9.712178956070447455e-01 9.465625391894527674e-01 9.210116110631494379e-01 8.933066813176162579e-01 8.638399937241404425e-01 8.338330601471999337e-01 8.032371798425177456e-01 7.714247892008542218e-01 7.395963182076696896e-01 7.071042470556011539e-01 6.742200606024359999e-01 6.416651816079208537e-01 6.095770216256128915e-01
1.030871076791814112e+00 1.017717279960159482e+00 1.004737442475277520e+00 9.863411839033541240e-01 9.626870181060385168e-01 9.377769280861010248e-01 9.107346588115885488e-01 8.815804736015139254e-01 8.515744399106177642e-01 8.209736817641535289e-01 7.897988362412455832e-01 7.574650395395621238e-01 7.252948848479220390e-01 6.925736597087349677e-01 6.596291556765264685e-01 6.271003479922150348e-01 5.951577651143129533e-01
1.031204136870015331e+00 1.017233217205516294e+00 1.001752669206595447e+00 9.794727825244574637e-01 9.548470164841711405e-01 9.277984559658343233e-01 8.998355326938864973e-01 8.697286009298902387e-01 8.391467371483535276e-01 8.079857363459207464e-01 7.762401905102165323e-01 7.435187551145965301e-01 7.110580322124119279e-01 6.782218709253257094e-01 6.452543502712969614e-01 6.128302217872454438e-01 5.810641245053513870e-01
1.030121709683765374e+00 1.016860886118136076e+00 9.968996363641351444e-01 9.718435599970203231e-01 9.456694657530559933e-01 9.176678116140931651e-01 8.883139149271636059e-01 8.577010746008588704e-01 8.265953902758887972e-01 7.948476807725316506e-01 7.626548910178660989e-01 7.295960814304056630e-01 6.969635750727055656e-01 6.640500126532292713e-01 6.311418665948015372e-01 5.988558908698475847e-01 5.673135113565083154e-01
1.029598037113726328e+00 1.013739515318036410e+00 9.904835706185466382e-01 9.647833194287948055e-01 9.358667464779393264e-01 9.068020772920565298e-01 8.766957224883328292e-01 8.455755852776875026e-01 8.138860204850116853e-01 7.816488160195258494e-01 7.490571350444658050e-01 7.157810042144145957e-01 6.830158529998097139e-01 6.501055785945868415e-01 6.172957581133082794e-01 5.851920106926361553e-01 5.539112840269626581e-01
1.029142962293970509e+00 1.008837122237131956e+00 9.836372359036781310e-01 9.564535957460139626e-01 9.258823845550399056e-01 8.955179620623153758e-01 8.649579951464013705e-01 8.332912181740081969e-01 8.010903649779078650e-01 7.684032072671566072e-01 7.355300764037592254e-01 7.020790222241101164e-01 6.692575431877558767e-01 6.363993287468525661e-01 6.037294376806427998e-01 5.718537899027948956e-01 5.408547213986131252e-01
1.026072584217341488e+00 1.002717957620855582e+00 9.775735770601100549e-01 9.477301949397295422e-01 9.151241583387443868e-01 8.841833406860223343e-01 8.530886823049758094e-01 8.209113388734787797e-01 7.882161983681532647e-01 7.551857795385417127e-01 7.220839883885037391e-01 6.885260611800799735e-01 6.557113170190911333e-01 6.229437690047143761e-01 5.904603021985957989e-01 5.588362367954523569e-01 5.281445034547709305e-01
1.021481634868493638e+00 9.961236214304943770e-01 9.705261822455311105e-01 9.388837618605375690e-01 9.041335145993050215e-01 8.727054756208556530e-01 8.411263590869515472e-01 8.084256771631691540e-01 7.753247945622117054e-01 7.420210838395694397e-01 7.087528030324059536e-01 6.751613729735280733e-01 6.423862984097877815e-01 6.097523711179587691e-01 5.774903669856769062e-01 5.461423191571689317e-01 5.157789773054708427e-01
1.015572968137194110e+00 9.900406461909776468e-01 9.627514114085881092e-01 9.294564608728153043e-01 8.930500111112507078e-01 8.611501460840814692e-01 8.290428585765502456e-01 7.958806298156725356e-01 7.624607473563792537e-01 7.289379545984400188e-01 6.955680654476610325e-01 6.619876937793864879e-01 6.292975155929119158e-01 5.968377663127555355e-01 5.648202919127165433e-01 5.337715530325428670e-01 5.037557106843120192e-01
1.008951890552205688e+00 9.833065463266442707e-01 9.550219478672965501e-01 9.196625024518659819e-01 8.818602183250708881e-01 8.494787826186745994e-01 8.168718139448332138e-01 7.833317713741749788e-01 7.496440827179555733e-01 7.159660609026979872e-01 6.825543687271710125e-01 6.490219976790198020e-01 6.164555607754256261e-01 5.842009980652084211e-01 5.524516598053743621e-01 5.217219187860536733e-01 4.920660871511532974e-01
1.003007457173215711e+00 9.758443734831576677e-01 9.471084998771701624e-01 9.098203991765956289e-01 8.706015207751199858e-01 8.377023939086621906e-01 8.046509213297527996e-01 7.708012470176879294e-01 7.369060835789639219e-01 7.031290804811953787e-01 6.697196630629534964e-01 6.362761708539264038e-01 6.038677620855377182e-01 5.718434468623254663e-01 5.403838448791937754e-01 5.099889312472148939e-01 4.807034824305251308e-01
9.966889482620600038e-01 9.682494287855527570e-01 9.386195171586706465e-01 8.998457235360800555e-01 8.592270024072822254e-01 8.258483560423484082e-01 7.924197787629880807e-01 7.583154958229515463e-01 7.242714723913665775e-01 6.904455422051768432e-01 6.570774951019292542e-01 6.237594107640579422e-01 5.915379269673168849e-01 5.597659683211148041e-01 5.286143469638278081e-01 4.985674465516623521e-01 4.696603585580865214e-01
9.893883507343321781e-01 9.605095355440529392e-01 9.298601764705413109e-01 8.898019495287655678e-01 8.477570678129963122e-01 8.139483390665136486e-01 7.802066709257209354e-01 7.459018528067384857e-01 7.117604659878260520e-01 6.779305243888784638e-01 6.446386659736293989e-01 6.114769690493089271e-01 5.794684846424213998e-01 5.479675293932834146e-01 5.171391394285843601e-01 4.874511155393587147e-01 4.589294485306819049e-01
9.819414851299319569e-01 9.523569596808654225e-01 9.211073605802132525e-01 8.796911816565428088e-01 8.362133591317231218e-01 8.020322497232463821e-01 7.680334279232559069e-01 7.335815083494108269e-01 6.993891215562630936e-01 6.655937860994229904e-01 6.324100860901125110e-01 5.994326412328304654e-01 5.676595380531864743e-01 5.364460095463902123e-01 5.059537203942420236e-01 4.766330595905022283e-01 4.485024770198980382e-01
9.744898125203765860e-01 9.438875295930982956e-01 9.122848554406036703e-01 8.694915520177828316e-01 8.246219998575283761e-01 7.901270391302464002e-01 7.559222251603723297e-01 7.213715676712533220e-01 6.871701687329845321e-01 6.534450438102334946e-01 6.203968837488127441e-01 5.876286282280853701e-01 5.561097317685239627e-01 5.251996390149415994e-01 4.950522836711825914e-01 4.661058431472953067e-01 4.383699938289755682e-01
9.667203324293752731e-01 9.353759742766780683e-01 9.034345789963557083e-01 8.592147771250494559e-01 8.130092655705158933e-01 7.782566019178337458e-01 7.438924313798853660e-01 7.092862843151780394e-01 6.751133263667583595e-01 6.414904356388629880e-01 6.086030731954085171e-01 5.760649701858971961e-01 5.448175392374805526e-01 5.142245986592760554e-01 4.844289358737596252e-01 4.558617645448058142e-01 4.285229986110013489e-01
9.585146357979565934e-01 9.268102051369544458e-01 8.945160076019004203e-01 8.488774198253847825e-01 8.013985559145250237e-01 7.664399927940575008e-01 7.319668693002858717e-01 6.973380747608085573e-01 6.632265072402764305e-01 6.297336316824835301e-01 5.970342153850687339e-01 5.647406523635574160e-01 5.337792130546664682e-01 5.035142337890804454e-01 4.740805352712594845e-01 4.458930203819476690e-01 4.189523270636921204e-01
9.502164611446864972e-01 9.181685067647165077e-01 8.855005704638000408e-01 8.384924002269749099e-01 7.898113695619537467e-01 7.546941065235869273e-01 7.201530879284079312e-01 6.855348960371107081e-01 6.515155905018752414e-01 6.181782713922099326e-01 5.856890972118385941e-01 5.536566360399985953e-01 5.229911066335988234e-01 4.930629788737204144e-01 4.639971871169662476e-01 4.361948807438909559e-01 4.096491584614183057e-01
9.418732634907300838e-01 9.094818120758926261e-01 8.764237742904493755e-01 8.280620930008996128e-01 7.782650353780978802e-01 7.430322823035621083e-01 7.084611618469958128e-01 6.738951442595881858e-01 6.399848692193086386e-01 6.068257195946727967e-01 5.745652509715744038e-01 5.428123033857059632e-01 5.124516753847763173e-01 4.828651908516851665e-01 4.541712310420822907e-01 4.267563644869772910e-01 4.006080032828241433e-01
9.334215542314276970e-01 9.006928339779625148e-01 8.672575878792221360e-01 8.176005006986163393e-01 7.667827251813521539e-01 7.314664608888222785e-01 6.968988663184056964e-01 6.624144341705109351e-01 6.286461805785077406e-01 5.956767196062110470e-01 5.636610728200344145e-01 5.322000505462625153e-01 5.021572485928365026e-01 4.729183140949552722e-01 4.445961187027667183e-01 4.175691834707809802e-01 3.918166549879416038e-01
9.249366694907505959e-01 8.918242512939283939e-01 8.580016768320555265e-01 8.071339154482054523e-01 7.553786657344542244e-01 7.200119343141609951e-01 6.854734129507672469e-01 6.510969743675573129e-01 6.174943170496176581e-01 5.847403030140974067e-01 5.529769192083102691e-01 5.218164775737319516e-01 4.920991297606076564e-01 4.632146428580578568e-01 4.352688937990638607e-01 4.086270961327579387e-01 3.832670209468357903e-01
9.163484793249959681e-01 8.828676992760982056e-01 8.487003592965237653e-01 7.966786618209673598e-01 7.440551276985614138e-01 7.086815569755837707e-01 6.741981036184557796e-01 6.399458069427471640e-01 6.065287273293311632e-01 5.740069526199959027e-01 5.425143807844771127e-01 5.116619749782165272e-01 4.822725853093988158e-01 4.537460592387516090e-01 4.261783114863708644e-01 3.999230785430257784e-01 3.749534662456739942e-01
9.076761284506847938e-01 8.738128962315733217e-01 8.393204182446315498e-01 7.862294476295290657e-01 7.328218270800593848e-01 6.974713949858615258e-01 6.630759235635926840e-01 6.289738591091950104e-01 5.957523321981824660e-01 5.634742466546630579e-01 5.322641492858359857e-01 5.017309418988751268e-01 4.726779764342926016e-01 4.445090467856816496e-01 4.173173440246426558e-01 3.914473161978639926e-01 3.668657536025795585e-01
8.989137678039996748e-01 8.647028597247496950e-01 8.299121811156775497e-01 7.758127079302216123e-01 7.216962428481578096e-01 6.863872501394232550e-01 6.521036212916994090e-01 6.181738295208244471e-01 5.851709444718751207e-01 5.531479492467621384e-01 5.222246522459713658e-01 4.920154689082154587e-01 4.633036867594025887e-01 4.354970862491015504e-01 4.086834035767933360e-01 3.831947864207420618e-01 3.589964349017024103e-01
8.900519792080459069e-01 8.554999891132877288e-01 8.204541056111047670e-01 7.654368719880306760e-01 7.106848482642310616e-01 6.754488693097396856e-01 6.412888512931902429e-01 6.075441430343065941e-01 5.747744411351276561e-01 5.430213203971743230e-01 5.123975496384808315e-01 4.825172782105055513e-01 4.541466595060346112e-01 4.267012413106719970e-01 4.002648353434061224e-01 3.751570552984472839e-01 3.513395149676268869e-01
8.811217911670661262e-01 8.462691350900780618e-01 8.109802203654217223e-01 7.550946795454125393e-01 6.997828509503003502e-01 6.646462779520256881e-01 6.306380061687537619e-01 5.970969896151662182e-01 5.645671504554803377e-01 5.330892396820632317e-01 5.027715678229138785e-01 4.732271459493780363e-01 4.452031098072431470e-01 4.181210895386959225e-01 3.920584126855246598e-01 3.673271394864210948e-01 3.438853975670231877e-01
8.720995980190232588e-01 8.369646570640814076e-01 8.014812842233350887e-01 7.448246777524144546e-01 6.890080205293037663e-01 6.539829581846650086e-01 6.201415847800861858e-01 5.868208109897660174e-01 5.545480959682111965e-01 5.233576738609538870e-01 4.933494615476572975e-01 4.641414421762206644e-01 4.364633509487155227e-01 4.097448146459687912e-01 3.840560527885708009e-01 3.596995322226085312e-01 3.366301577150713764e-01
8.630278478821724608e-01 8.276490163651494258e-01 7.919841880709038717e-01 7.346009441198662060e-01 6.783587424327250925e-01 6.434728835362505395e-01 6.098126232450622464e-01 5.767191464966852088e-01 5.447091607323474305e-01 5.138135495707497613e-01 4.841231912302636498e-01 4.552572852935366510e-01 4.279281675172935118e-01 4.015707185568075377e-01 3.762520874679231575e-01 3.522655706805019604e-01 3.295638202328656230e-01
8.538861412099759685e-01 8.182839040596951996e-01 7.824754984770213584e-01 7.244552631966381107e-01 6.678339573130805951e-01 6.331021064199613413e-01 5.996419498275492588e-01 5.667925505234380212e-01 5.350583916164479703e-01 5.044617682217490406e-01 4.750906382533396921e-01 4.465663935868166012e-01 4.195857005515197247e-01 3.935900047889500097e-01 3.686406388704079884e-01 3.450215516944724614e-01 3.226830542002381841e-01
8.447074764491047105e-01 8.089197393152979254e-01 7.729879622922675164e-01 7.143723290577542739e-01 6.574486679736032402e-01 6.228865487435265580e-01 5.896341612339335292e-01 5.570351344474897548e-01 5.255817807671939734e-01 4.952926801537092527e-01 4.662467975193240188e-01 4.380683500313337086e-01 4.114368550863234941e-01 3.857996994117699474e-01 3.612150325172449605e-01 3.379589652682428169e-01 3.159785938843588937e-01
8.354860800516591413e-01 7.995306308726516376e-01 7.634990877809014753e-01 7.043752195247748871e-01 6.471878696458265301e-01 6.128146112727957950e-01 5.797868097124265763e-01 5.474517807517544910e-01 5.162881593048155304e-01 4.863079214495993341e-01 4.575880604411988184e-01 4.297544210431811784e-01 4.034708083311182580e-01 3.781917917506804616e-01 3.539702261316214349e-01 3.310736542287860407e-01 3.094201462326467422e-01
8.262337068793889072e-01 7.901456466168975679e-01 7.540456892747375850e-01 6.944497448395711148e-01 6.370735174635689946e-01 6.028958148795499072e-01 5.700994344812276848e-01 5.380331717948269032e-01 5.071637088789086034e-01 4.774996253226461707e-01 4.491100962968211929e-01 4.216234286221937078e-01 3.956879444476995578e-01 3.707635814411076591e-01 3.469007189799017121e-01 3.243588720663463931e-01 3.028243643003862839e-01
8.169681155268664341e-01 7.807623263283850479e-01 7.446084996593954619e-01 6.846195996761497149e-01 6.270853535256860622e-01 5.931224857771297820e-01 5.605712536013651714e-01 5.287842672588649595e-01 4.982159108703220207e-01 4.688689736485881498e-01 4.408092557708879755e-01 4.136681140591286776e-01 3.880784027255353985e-01 3.635067837985410111e-01 3.400000888873899174e-01 3.178083726769427297e-01 2.955324702982852214e-01
8.076735876047921314e-01 7.713819843335688597e-01 7.352033010692573534e-01 6.748673117104134755e-01 6.172442702987245289e-01 5.835015951237019216e-01 5.512009535875365129e-01 5.196970638964559797e-01 4.894328759205208157e-01 4.604064399687538001e-01 4.326799673901606802e-01 4.058853863111039906e-01 3.806410970097630075e-01 3.564200729538239409e-01 3.332650775564514056e-01 3.113982998723491269e-01 2.859237611965332326e-01
7.983920820523731088e-01 7.620292692187189409e-01 7.258373819479758682e-01 6.652151374096199055e-01 6.075327509035249873e-01 5.740235342831585541e-01 5.419851463613744036e-01 5.107727896747223939e-01 4.808185137134087794e-01 4.521156049477610961e-01 4.247211265287704762e-01 3.982709622257424309e-01 3.733694119477941609e-01 3.494953630408979550e-01 3.266884825767467082e-01 3.049972584460360903e-01 2.721524121307427047e-01
7.890985098917026042e-01 7.526867741451604976e-01 7.165027671130020925e-01 6.556502712303916569e-01 5.979645439945954211e-01 5.646987654750329488e-01 5.329262556193449241e-01 5.020078027800678466e-01 4.723650376776624138e-01 4.439864460238881483e-01 4.169246850557448703e-01 3.908188258609919807e-01 3.662586734171092151e-01 3.427294392969030823e-01 3.202657229469558220e-01 2.981045541351873274e-01 2.574915548767088280e-01
7.798091376204043801e-01 7.433744739295550241e-01 7.072213279329845337e-01 6.461810841646472570e-01 5.885303864319212375e-01 5.555146921071071331e-01 5.240154337258847717e-01 4.933976815909700275e-01 4.640708581784415698e-01 4.360193389389442342e-01 4.092911785982705219e-01 3.835279493204101775e-01 3.593061348226890828e-01 3.361178199377004017e-01 3.139790447280836339e-01 2.894673933787507702e-01 2.442075567868187969e-01
7.705396071009317227e-01 7.340946017498066745e-01 6.979842345694347028e-01 6.368116710378372014e-01 5.792334445838940304e-01 5.464786602925262304e-01 5.152598371553152035e-01 4.849451776561239935e-01 4.559346327400325971e-01 4.282094616517818642e-01 4.018136049742004334e-01 3.763910415375579799e-01 3.525053187412269806e-01 3.296547626700068179e-01 3.077498311938268727e-01 2.771336177854495375e-01 2.321708924584373890e-01
7.612771703719205529e-01 7.248416183641586130e-01 6.887911908786821247e-01 6.275349970926535903e-01 5.700743863637878217e-01 5.375848670365829252e-01 5.066499157365265127e-01 4.766416287888303738e-01 4.479496926022797920e-01 4.205517099013067472e-01 3.944881827821941078e-01 3.694054981656810788e-01 3.458536875858084780e-01 3.233363139472331671e-01 3.012356921115842412e-01 2.628247868664261300e-01 2.212079360824728558e-01
7.520389847343809109e-01 7.156340000536147716e-01 6.796631412785335558e-01 6.183634695461990294e-01 5.610468602382220338e-01 5.288302239283783068e-01 4.981855128861746862e-01 4.684880030345318080e-01 4.401170019171449233e-01 4.130470585332989275e-01 3.873139836048444806e-01 3.625680949786807550e-01 3.393469583032298620e-01 3.171484182224698634e-01 2.935340993845667046e-01 2.496169683809699169e-01 2.111761767728594086e-01
7.428302995022832977e-01 7.064680194629445742e-01 6.705873997531286435e-01 6.092909690539074496e-01 5.521583017914446501e-01 5.202200893607594745e-01 4.898673187601460532e-01 4.604811115409284117e-01 4.324310961478299853e-01 4.056881521987257266e-01 3.802844991153417342e-01 3.558732353076587418e-01 3.329800742968339611e-01 3.110543798029621332e-01 2.829187735751015342e-01 2.376132138486335699e-01 2.019575378995145110e-01
7.336445979604249157e-01 6.973420910316889820e-01 6.615667641246137931e-01 6.003154616481016781e-01 5.434011115122594493e-01 5.117453160925091726e-01 4.816888547239369656e-01 4.526162574088568591e-01 4.248879146875417789e-01 3.984718020323924637e-01 3.733968208989921211e-01 3.493185416437407098e-01 3.267494939607960558e-01 3.048493913210274520e-01 2.692896051740161778e-01 2.266506454628860745e-01 1.934531365717953588e-01
7.244936426318898670e-01 6.882690516248543000e-01 6.526151055682309909e-01 5.914483008483103488e-01 5.347731022641745158e-01 5.034062954313721638e-01 4.736500663888857932e-01 4.448936382723457372e-01 4.174879714652352525e-01 3.913980749565001971e-01 3.666491843533070671e-01 3.429007785783159679e-01 3.206431045985341233e-01 2.979334898382762220e-01 2.560557554409726988e-01 2.165944937206108478e-01 1.855799041671685468e-01
7.153856339005828513e-01 6.792495604213568683e-01 6.437260473131380945e-01 5.826808393467352021e-01 5.262806466552238938e-01 4.952051434676991715e-01 4.657500268197086735e-01 4.373096956644230704e-01 4.102258460727603029e-01 3.844606764334272953e-01 3.600364459882250401e-01 3.366151408967733571e-01 3.146473803989905393e-01 2.890235862167656600e-01 2.439904161683905393e-01 2.073328877121531633e-01 1.782673679867347316e-01
7.063130241569209877e-01 6.702801686673965920e-01 6.348998222003104930e-01 5.740135694262767929e-01 5.179154548337021602e-01 4.871345718768891331e-01 4.579832858838035481e-01 4.298601954531113267e-01 4.030982042598073578e-01 3.776568741760525372e-01 3.535550932045262162e-01 3.304584550963622358e-01 3.086572727211741030e-01 2.768028523758049309e-01 2.329473778127442440e-01 1.987717799519524986e-01 1.714550161140924733e-01
6.972800483808576644e-01 6.613658593438251909e-01 6.261433045694858590e-01 5.654518646662257675e-01 5.096761687872201074e-01 4.791936998886602295e-01 4.503486486933801491e-01 4.225439687448131476e-01 3.961039976868661605e-01 3.709851961789487063e-01 3.472040874851179959e-01 3.244200422691040364e-01 3.023070799577868839e-01 2.635599883345586258e-01 2.227974589116802628e-01 1.908311578763855765e-01 1.650912355853455526e-01
6.883041329699941535e-01 6.525176618591691513e-01 6.174602358196952245e-01 5.569934709495126812e-01 5.015658089114047868e-01 4.713850371826949215e-01 4.428466061468531723e-01 4.153594862925716891e-01 3.892397720943009398e-01 3.644417415659404469e-01 3.409787012740265189e-01 3.184945064013582350e-01 2.947397492025275456e-01 2.513408876774983480e-01 2.134323510492951159e-01 1.834435972402023440e-01 1.591312632972690932e-01
6.793736018251760322e-01 6.437275454056046176e-01 6.088459927121773196e-01 5.486360983277254189e-01 4.935799236949695579e-01 4.637020256787054984e-01 4.354715667713002225e-01 4.083022213167029624e-01 3.825020923374612414e-01 3.580229898934003119e-01 3.348757075651016546e-01 3.126397898410483434e-01 2.845033024582688252e-01 2.401377937070368618e-01 2.047613515413294338e-01 1.765505176592138681e-01 1.535360021822904930e-01
6.704919974774844471e-01 6.349979255047066840e-01 6.003024343856445677e-01 5.403797159705521214e-01 4.857160317568543495e-01 4.561430850916174395e-01 4.282213761084244785e-01 4.013699951004024991e-01 3.758881843506156062e-01 3.517263776798475461e-01 3.288863389670155790e-01 3.066581072926364282e-01 2.717622698699956318e-01 2.298245759309579250e-01 1.967066422370347678e-01 1.701020456405199777e-01 1.482716338981875936e-01
6.616647086828366664e-01 6.263348016070620083e-01 5.918362742059862791e-01 5.322299480209702338e-01 4.779729009292681408e-01 4.487075951526576789e-01 4.210955430087148232e-01 3.945613992434683914e-01 3.693972431792348354e-01 3.455506271583230204e-01 3.230057347572060644e-01 3.000177927005584499e-01 2.593493373760172860e-01 2.202953066373684876e-01 1.892024883270311819e-01 1.640546560617271443e-01 1.433083676743305834e-01
6.528995233430304745e-01 6.177417258893551644e-01 5.834463912437879429e-01 5.241805537216905897e-01 4.703523274697970491e-01 4.413945905739076747e-01 4.140921084739920821e-01 3.878741543515875634e-01 3.630252536493503990e-01 3.394916470561010757e-01 3.172237280798224646e-01 2.916504374509940600e-01 2.479409418923092800e-01 2.114607009401932303e-01 1.821918418918539451e-01 1.583704173118179737e-01 1.386199488587809836e-01
6.441903646660360749e-01 6.092148942354387309e-01 5.751314713884124741e-01 5.162320034413331316e-01 4.628490012936823383e-01 4.342001046108820983e-01 4.072068424832960831e-01 3.813043545102200449e-01 3.567695692715117661e-01 3.335425876440393789e-01 3.114569710323782936e-01 2.804246074653512499e-01 2.374244147100226798e-01 2.032444258956367100e-01 1.756254827916959582e-01 1.530160995019876347e-01 1.341831653209004382e-01
6.355397594126770411e-01 6.007560566198940633e-01 5.668925209168199641e-01 5.083832453616585756e-01 4.554615491283496853e-01 4.271224042595408443e-01 4.004385460510395123e-01 3.748502620674339370e-01 3.506278240555331660e-01 3.276970029935534212e-01 3.054205808418497536e-01 2.679811517137689059e-01 2.276958509378440576e-01 1.955811367528589029e-01 1.694607996641482039e-01 1.479625811290583848e-01 1.299774165831335260e-01
6.269507612744391611e-01 5.923682449952401008e-01 5.587335040651550955e-01 5.006383377455532191e-01 4.481883480571335898e-01 4.201594686051495220e-01 3.937848070719086047e-01 3.685101712881939107e-01 3.445982294449659311e-01 3.219529153237209451e-01 2.984582607958467526e-01 2.563290722757169959e-01 2.186661184863360197e-01 1.884146878028888361e-01 1.636604350361678950e-01 1.431841277135858514e-01 1.259843542362853452e-01
6.184313715676673651e-01 5.840565590925370643e-01 5.506553084093827044e-01 4.929927858970656329e-01 4.410302633265426042e-01 4.133121164808017944e-01 3.872453528007943069e-01 3.622822420306511804e-01 3.386767797897758392e-01 3.162863363941966210e-01 2.894191718485905618e-01 2.455757316389997058e-01 2.102599662554970883e-01 1.816962474815329298e-01 1.581916204185347952e-01 1.386578477738565074e-01 1.221874873021326219e-01
6.099759168594250935e-01 5.758167197228125644e-01 5.426555754669051268e-01 4.854458977880279913e-01 4.339837473455301908e-01 4.065754698562299430e-01 3.808163698020857191e-01 3.561632587285586959e-01 3.328540411442574842e-01 3.105685981500306836e-01 2.778324709713861362e-01 2.356170401034231032e-01 2.024123812247620169e-01 1.753832948111846701e-01 1.530254903066346206e-01 1.343634574922556446e-01 1.185721328338813635e-01
6.015855914812219263e-01 5.676499718873552203e-01 5.347353936894090332e-01 4.779970818694209700e-01 4.270463700372513771e-01 3.999483172387596763e-01 3.744957183854464300e-01 3.501511780879877911e-01 3.271288197056003710e-01 3.044359398559451924e-01 2.659063962366635669e-01 2.263652019044742059e-01 1.950671431310463388e-01 1.694386283066647014e-01 1.481365149549081495e-01 1.302828525953250716e-01 1.151251216726219689e-01
5.932626963279095111e-01 5.595574307639696876e-01 5.268953129510824951e-01 4.706466375053047213e-01 4.202173782499870058e-01 3.934288882221915196e-01 3.682816506695032466e-01 3.442439828059868923e-01 3.214974802943374455e-01 2.971399122694339812e-01 2.548283857592091861e-01 2.177446225153510106e-01 1.881755165212278813e-01 1.638295566702995532e-01 1.435020302055313168e-01 1.263998134700461684e-01 1.118344553264821739e-01
5.850111018459133172e-01 5.515428737953180782e-01 5.191390614054034458e-01 4.633952685952782979e-01 4.134942051508807004e-01 3.870153058008409808e-01 3.621723636327564555e-01 3.384333782709039729e-01 3.159197954946551534e-01 2.875790276294560854e-01 2.445624433900064343e-01 2.096901112021894997e-01 1.816950777946867990e-01 1.585272325139889249e-01 1.391018431816343215e-01 1.226997395309562255e-01 1.086892670277773698e-01
5.768319405021663515e-01 5.436061166730483674e-01 5.114643473637373594e-01 4.562398560656792945e-01 4.068775369037942458e-01 3.807072418291476135e-01 3.561670186419657047e-01 3.327161493657473379e-01 3.102296457833272902e-01 2.760039648297447634e-01 2.350192602876339520e-01 2.021455823632504478e-01 1.755885462033035249e-01 1.535061010268775894e-01 1.349177911096003379e-01 1.191693472002118975e-01 1.056799092777977872e-01
5.687234484899601483e-01 5.357458735002701422e-01 5.038707799106028062e-01 4.491799863229101741e-01 4.003644449996330845e-01 3.745014599637624397e-01 3.502625792494793444e-01 3.270911242294003429e-01 3.040112482910016789e-01 2.645933384808043520e-01 2.261220996990194743e-01 1.950621469145089326e-01 1.698231083750054993e-01 1.487434407377946632e-01 1.309337057067377352e-01 1.157969589855858683e-01 1.027972598537050530e-01
5.606866427178881507e-01 5.279628179293730517e-01 4.963587877750302302e-01 4.422146140870483189e-01 3.939527707149907965e-01 3.683963016718326267e-01 3.444539551426651358e-01 3.215525762672860055e-01 2.964726434113026388e-01 2.539937398286034043e-01 2.178049602826454823e-01 1.883970433798483335e-01 1.643697659483195073e-01 1.442189792817195615e-01 1.271350976626790252e-01 1.125716653720791049e-01 1.000334081679608161e-01
5.527224479998852358e-01 5.202575894020619041e-01 4.889287674764801195e-01 4.353432563032257896e-01 3.876413303382859055e-01 3.623901302611065023e-01 3.387349124193428374e-01 3.160456731145945275e-01 2.866590440817015084e-01 2.441352691984902401e-01 2.100107845311912358e-01 1.821127398907021466e-01 1.592026665105714112e-01 1.399145685252445592e-01 1.235086902644775414e-01 1.094837849134559643e-01 9.738078330450453124e-02
5.448329889417355965e-01 5.126319280581516091e-01 4.815824374154515364e-01 4.285665754514359493e-01 3.814283600048129497e-01 3.564812349006486469e-01 3.331046163061221477e-01 3.103809086540827988e-01 2.752987440851514256e-01 2.349398552426897047e-01 2.026897664360482187e-01 1.761761556463559697e-01 1.542989880667408609e-01 1.358136785800303781e-01 1.200426194329056867e-01 1.065243450271771281e-01 9.483267024947830692e-02
5.370206854840647859e-01 5.050872006103310774e-01 4.743193773626808163e-01 4.218823223849776927e-01 3.753124024071520792e-01 3.506681371220122800e-01 3.275622100623367672e-01 3.041161262534473608e-01 2.643113498696143537e-01 2.263401747187931967e-01 1.957983404326534560e-01 1.705580176386370383e-01 1.496382911980737584e-01 1.319018537247784173e-01 1.167261278681032410e-01 1.036853362653238769e-01 9.238287869072013547e-02
5.292832100262403472e-01 4.976213706565303374e-01 4.671383921398777339e-01 4.152894197143050525e-01 3.692928544054752682e-01 3.449422735261055140e-01 3.220990882245226561e-01 2.964603827355143939e-01 2.540813162384349955e-01 2.182780173125757894e-01 1.892982299425358672e-01 1.652321760676704332e-01 1.452022445453402255e-01 1.281657361527424599e-01 1.135493169855329859e-01 1.009591581171956770e-01 9.002557211032370665e-02
5.216212305535298244e-01 4.902346492493840358e-01 4.600395302860190161e-01 4.087870976154427960e-01 3.633676589251756961e-01 3.393019011666147389e-01 3.166532364960994439e-01 2.866158735560923598e-01 2.445369775627738718e-01 2.107025170363679700e-01 1.831556659310786261e-01 1.601755488152833695e-01 1.409741157850597226e-01 1.245932410160165565e-01 1.105033016432700882e-01 9.833917618277074335e-02 8.775554911654212531e-02
5.140350039269979687e-01 4.829276517941494262e-01 4.530227130745930197e-01 4.023744812123535297e-01 3.575350515955088571e-01 3.337460310868867741e-01 3.110251546353146601e-01 2.755297009111599693e-01 2.356090269407219995e-01 2.035691394530664000e-01 1.773406532935552782e-01 1.553674420687372881e-01 1.369392715923692105e-01 1.211735601670134305e-01 1.075799219042520988e-01 9.581911226015527028e-02 8.556796914732651971e-02
5.065253874252986233e-01 4.757003404684675418e-01 4.460881887307487914e-01 3.960507031334820072e-01 3.517907422104914472e-01 3.282741517221580141e-01 3.047731409047215734e-01 2.648784304713520665e-01 2.272373251062050625e-01 1.968387226861977868e-01 1.718265741726440199e-01 1.507892009746587825e-01 1.330841470282806416e-01 1.178966483606606053e-01 1.047715835547950031e-01 9.339309734310395628e-02 8.345833106581011795e-02
4.990938253664379820e-01 4.685536910150636114e-01 4.392363914946509906e-01 3.898149045344261321e-01 3.461285713357594718e-01 3.228759082364268118e-01 2.971379761593599955e-01 2.549354756996836113e-01 2.193694302484569814e-01 1.904765517595604363e-01 1.665898022406625545e-01 1.464239356833169359e-01 1.293965503337248246e-01 1.147535036201795949e-01 1.020715609091321086e-01 9.105595519953006700e-02 8.142247084677323166e-02
4.917410035105720389e-01 4.614884278824577524e-01 4.324671640191064537e-01 3.836672090314246497e-01 3.405482662693843920e-01 3.174857851976758405e-01 2.874322440815082480e-01 2.456341167084509225e-01 2.119594022781711995e-01 1.844520580974790547e-01 1.616091172879454696e-01 1.422567689489052656e-01 1.258654166821916720e-01 1.117358895026539511e-01 9.947352524690629416e-02 8.880278316886672241e-02 7.945653062815184742e-02
4.844656441674691782e-01 4.545028694605578456e-01 4.257794800893681120e-01 3.776055289617824551e-01 3.350488466675406452e-01 3.119043189178294928e-01 2.766221884609386672e-01 2.369118506869126728e-01 2.049668219349707887e-01 1.787380042681424863e-01 1.568652179854992113e-01 1.382737626718440194e-01 1.224806649335740683e-01 1.088360386489333059e-01 9.697154210714035993e-02 8.662904937148543927e-02 7.755690808812437664e-02
4.772679109220133720e-01 4.475972457935124549e-01 4.191730624596797239e-01 3.716289494177649755e-01 3.296299480584381492e-01 3.057038031786087351e-01 2.662310224280738380e-01 2.287141599416734616e-01 1.983559836716235480e-01 1.733100594284016360e-01 1.523411360500201983e-01 1.344627499199564369e-01 1.192329935173667976e-01 1.060471521668155392e-01 9.456037232591299468e-02 8.453055810686667393e-02 7.572031144728370855e-02
4.701479813108634387e-01 4.407715545057150908e-01 4.126476270148256020e-01 3.657367424585567517e-01 3.242823742791808850e-01 2.981695630355686299e-01 2.565064269782320050e-01 2.209932722463393007e-01 1.920952257662780771e-01 1.681462103223430038e-01 1.480212973243263674e-01 1.308122019822840765e-01 1.161141118749433460e-01 1.033628009575906781e-01 9.223505825937339253e-02 8.250341817606084149e-02 7.394364267163466842e-02
4.631061578234476617e-01 4.340256198970051660e-01 4.062028760099114510e-01 3.599278157577764925e-01 3.189453287737987197e-01 2.886841821801061081e-01 2.473882099470745277e-01 2.137071467379337841e-01 1.861563653679594310e-01 1.632270124492053442e-01 1.438916031845764720e-01 1.273120690590931192e-01 1.131161692143162201e-01 1.007770224322727393e-01 8.999101077052490405e-02 8.054401506166312952e-02 7.222401403217379445e-02
4.561424851878810860e-01 4.273591589919237821e-01 3.998384970024462803e-01 3.541967350580836338e-01 3.134362163584059613e-01 2.781432429078904423e-01 2.388191784913376303e-01 2.068186372751220081e-01 1.805139524970353071e-01 1.585348465831020459e-01 1.399393838753332786e-01 1.239527416495622425e-01 1.102320817061686609e-01 9.828435041339107781e-02 8.782397762089325099e-02 7.864898528705908942e-02 7.055871689843468131e-02
4.492576342039775184e-01 4.207727655917379850e-01 3.935548134136842569e-01 3.485398406072156563e-01 3.073645199258022709e-01 2.679726618664641791e-01 2.307492539657182984e-01 2.002945681129843503e-01 1.751457195977232928e-01 1.540535541409365772e-01 1.361529942244511238e-01 1.207257326536510522e-01 1.074553802682605003e-01 9.587980375421396861e-02 8.573001288859226354e-02 7.681520793738350061e-02 6.894522448123328873e-02
4.424516325543713657e-01 4.142663252010760910e-01 3.873512192632325712e-01 3.429572223814789100e-01 3.000788998982854561e-01 2.584313364613407549e-01 2.231344207588744077e-01 1.941057859487934634e-01 1.700313282965319750e-01 1.497689474928591280e-01 1.325218256506116854e-01 1.176231810673647044e-01 1.047800257201216001e-01 9.355870798589516202e-02 8.370544903249370339e-02 7.503975102792233287e-02 6.738119276323423223e-02
4.357236472394495075e-01 4.078387350430194846e-01 3.812268360749678786e-01 3.374484638168204764e-01 2.909610440339396309e-01 2.494660095311865833e-01 2.159357622244828245e-01 1.882261310420653144e-01 1.651523269737284749e-01 1.456676375716795258e-01 1.290363365371408610e-01 1.146377353544225236e-01 1.022004385369619794e-01 9.131672920083161449e-02 8.174687246122236406e-02 7.331989108533291943e-02 6.586441431765520382e-02
4.290735803112198932e-01 4.014897920657987673e-01 3.751810809996589113e-01 3.320133363431514439e-01 2.806840952773924092e-01 2.410241024385038899e-01 2.091187620167049011e-01 1.826319226266586160e-01 1.604924737708743332e-01 1.417378921292219429e-01 1.256874931293478492e-01 1.117627274950839938e-01 9.971140712484140300e-02 8.914984336181111524e-02 7.985110161275640883e-02 7.165307713578390747e-02 6.439281850501435422e-02
4.225013171607820972e-01 3.952191247224231541e-01 3.692136306139292556e-01 3.266471567984440272e-01 2.706552005940038308e-01 2.330593097722503670e-01 2.026525596364939785e-01 1.773021328312782419e-01 1.560364715690409632e-01 1.379687266942731250e-01 1.224672738288347940e-01 1.089920556202468305e-01 9.730823778273470226e-02 8.705430824397403233e-02 7.801516706175713745e-02 7.003692062503140414e-02 6.296446094182048259e-02
4.160067299287875664e-01 3.890265646942293043e-01 3.633240334014041228e-01 3.213058820788947667e-01 2.612222812802142413e-01 2.255305809764603930e-01 1.965096483268985728e-01 1.722178032862292374e-01 1.517710354977265530e-01 1.343501195403013493e-01 1.193682395305728366e-01 1.063200151785286818e-01 9.498650007445673393e-02 8.502663902915975902e-02 7.623629377768212367e-02 6.846918233038795654e-02 6.157750063910501920e-02
4.095896665701979078e-01 3.829117969756042350e-01 3.575064667802131946e-01 3.158415221099342141e-01 2.523433826259843804e-01 2.184018623490324995e-01 1.906656353372926660e-01 1.673615338950653897e-01 1.476835683435425983e-01 1.308730756832096331e-01 1.163834917343760794e-01 1.037413287159162367e-01 9.274207827510613789e-02 8.306358592323730139e-02 7.451188519118119580e-02 6.694776048983208661e-02 6.023016194443365362e-02
4.032497916031116403e-01 3.768742777614361716e-01 3.517583599798551064e-01 3.099192219045875940e-01 2.439692841920801658e-01 2.116409016300220269e-01 1.850981460838651560e-01 1.627179589660096570e-01 1.437628737936835488e-01 1.275291629654646264e-01 1.135065964796403010e-01 1.012511060945233687e-01 9.057114308876630659e-02 8.116211448601129419e-02 7.283950844772439648e-02 6.547068023872194831e-02 5.892088757248233055e-02
3.969872952631950391e-01 3.709139559924519713e-01 3.460799265646035683e-01 3.029559809254840919e-01 2.360563760865013738e-01 2.052186761771673529e-01 1.797874244640906838e-01 1.582727346042940020e-01 1.399986902257793764e-01 1.243105623739366311e-01 1.107317392332794609e-01 9.884480915045182337e-02 8.847012699624554055e-02 7.931938757095598203e-02 7.121688175770117535e-02 6.403601442994896753e-02 5.764814918336197413e-02
3.908020249942247837e-01 3.650296171357426123e-01 3.404713740424138990e-01 2.942747594606923145e-01 2.285661159833458911e-01 1.991094315950888149e-01 1.747153588806769076e-01 1.540130631788349524e-01 1.363813548424693545e-01 1.212103054848077122e-01 1.080535088516011155e-01 9.651821984303872448e-02 8.643570160140508218e-02 7.753274922357275556e-02 6.964186246124970392e-02 6.264206729208719737e-02 5.641043806974688213e-02
3.846932044598802003e-01 3.592135535584219941e-01 3.349329875820653557e-01 2.841790757500285425e-01 2.214643813390159699e-01 1.932901012509385119e-01 1.698656863942417661e-01 1.499272479702355998e-01 1.329023198068418066e-01 1.182218244774102117e-01 1.054668611290468516e-01 9.426741241878218436e-02 8.446475779988736610e-02 7.579971010634911632e-02 6.811236735207948367e-02 6.128720152062910875e-02 5.520642195462508589e-02
