1.000000000000000056e-01 1.777567197473115312e+00 1.208576989481649627e-01 7.593035894386681584e-01 -2.499994179870302924e-01
1.499999999999999944e-01 1.825409370251039887e+00 1.193455561409836746e-01 6.992237142821942086e-01 -2.068568417899515899e-01
2.000000000000000111e-01 1.874511448519681656e+00 1.183916262600282904e-01 6.863291008303659124e-01 -2.862176561589779844e-01
2.500000000000000000e-01 1.924791403391839406e+00 1.169698773284633259e-01 6.323384220370908970e-01 -2.322683822719463498e-01
2.999999999999999889e-01 1.976169859795849915e+00 1.156041503568346202e-01 6.281688829690894593e-01 -3.447468851426159220e-01
3.499999999999999778e-01 2.028570602864869787e+00 1.144636304306733410e-01 5.865888716326259633e-01 -3.083439726806405656e-01
4.000000000000000222e-01 2.081920955764773318e+00 1.132015466420469157e-01 5.192196068079359961e-01 -1.516223105966581219e-01
4.500000000000000111e-01 2.136152038011948306e+00 1.118467500301086465e-01 4.821662766764145402e-01 -9.730091955243141966e-02
5.000000000000000000e-01 2.191198917094982157e+00 1.091721100792799881e-01 4.238385771930138768e-01 7.050492030895183504e-02
5.749999999999999556e-01 2.275166676408027833e+00 1.087315194249985489e-01 4.052765594056181864e-01 2.856288352391502666e-02
6.500000000000000222e-01 2.360644978601243338e+00 1.081067824591089438e-01 3.909102053345101524e-01 -6.392891466432434888e-02
7.249999999999999778e-01 2.447464463425298664e+00 1.053846113012290725e-01 3.922442975774355634e-01 -2.874814719890179116e-01
8.000000000000000444e-01 2.535474151790112707e+00 1.027347132416862319e-01 3.749537105583013452e-01 -3.681854238041420424e-01
8.750000000000000000e-01 2.624540055586071841e+00 9.961704342353891461e-02 3.606412007701125244e-01 -4.461111410684987510e-01
9.499999999999999556e-01 2.714543657744561855e+00 9.893237584661174200e-02 3.270884348688641308e-01 -3.870692679480403631e-01
