5.012277867884707971e-01 5.139239558786975470e-01 5.275178875549396684e-01 5.420275857188608937e-01 4.693408312966195761e-01 4.652294917076769676e-01 4.291013073912551268e-01 3.851160376407022357e-01 3.826946663989481134e-01 3.143854913810859575e-01 3.301971787946552661e-01 2.894102730401245660e-01 2.548768790661007366e-01 2.261217366353109326e-01 2.168613758210987397e-01 1.897755060188857923e-01 1.558922135138323950e-01
6.616172412843918105e-01 6.742662811752546670e-01 6.908367949727057811e-01 7.051468018495514745e-01 6.029871286509412842e-01 5.931412493684238285e-01 5.429078406432202852e-01 4.850277740147931893e-01 4.784313301090090675e-01 3.953093525166484490e-01 4.079106341591089424e-01 3.578723635519987512e-01 3.163312883137475717e-01 2.829461508587036711e-01 2.700819893140817829e-01 2.391498962122823313e-01 2.002330050505315984e-01
8.238076566656472588e-01 8.285855220385588416e-01 8.355820022888577059e-01 8.451039996096678664e-01 7.264044444980901627e-01 7.067694441501373159e-01 6.469072897926744226e-01 5.811015463535502690e-01 5.674953579088645172e-01 4.787234628902345412e-01 4.817713551088084745e-01 4.269088006272504510e-01 3.810734657469563302e-01 3.443712170507905457e-01 3.270181915130652706e-01 2.935970703139260674e-01 2.532936461244172932e-01
9.850635310236059983e-01 9.724217253447283715e-01 9.614030575638567999e-01 9.524036236314860071e-01 8.366265351467245814e-01 8.033406842374654078e-01 7.400613952651440286e-01 6.731946342383268167e-01 6.497091534030521309e-01 5.634485843048494536e-01 5.513604882072768998e-01 4.955820707878123565e-01 4.490403159583484238e-01 4.104830114965330456e-01 3.871651769252330566e-01 3.514438408096247635e-01 3.133927914577919194e-01
1.144703115041834973e+00 1.105167971629246404e+00 1.067472471941800283e+00 1.031840196615347871e+00 9.323706650235916715e-01 8.850324726691809474e-01 8.228078175689081952e-01 7.604168059272587987e-01 7.247281689756738254e-01 6.448865956443424752e-01 6.145137433184053588e-01 5.600408272718423452e-01 5.156911253580781507e-01 4.781741115585584345e-01 4.490040209646383174e-01 4.110446446743696303e-01 3.726331295132103150e-01
1.262072632773185488e+00 1.200410396855815964e+00 1.141923456797600434e+00 1.086797131790424586e+00 9.998905207390594851e-01 9.411153768173486922e-01 8.786331512816445422e-01 8.194414734626980223e-01 7.735529346282462582e-01 7.029327921959980241e-01 6.623098922340595607e-01 6.095915094460742090e-01 5.654838547821950945e-01 5.275101569479265784e-01 4.942055437437605780e-01 4.567416429536960698e-01 4.202857977756326857e-01
1.278628159857688074e+00 1.206102355361376555e+00 1.138574798726841530e+00 1.075927304931033612e+00 1.000002889280815266e+00 9.378654961105790111e-01 8.775290585144482902e-01 8.207083329565155738e-01 7.706873420202766667e-01 7.103245871067939143e-01 6.673022564815196400e-01 6.183925510380559043e-01 5.761667932976672901e-01 5.390075718484237388e-01 5.042366214681182068e-01 4.690534113634051705e-01 4.361204021475322823e-01
1.280276591917664852e+00 1.204819092251927515e+00 1.134388314527736918e+00 1.070083428503512346e+00 1.000002515576577933e+00 9.373719214687133983e-01 8.787767445888684525e-01 8.231577305582267190e-01 7.726281829826884273e-01 7.174060429448517739e-01 6.735965150611297192e-01 6.263611694688383524e-01 5.850362721244685149e-01 5.483521480763763334e-01 5.133888510234777547e-01 4.799193362152925357e-01 4.488474955255801757e-01
1.277329631628414619e+00 1.200224943256468890e+00 1.129890295665405997e+00 1.065675204342119153e+00 1.000003533876298034e+00 9.388701976487844325e-01 8.821089693665852272e-01 8.276886609849412046e-01 7.771765704899064042e-01 7.251573530816839419e-01 6.814691014437490590e-01 6.358734599953272948e-01 5.959792848208690375e-01 5.592289470435757304e-01 5.242047897302523074e-01 4.914532125658482298e-01 4.615204673436562044e-01
1.270020026342567165e+00 1.194012678005178962e+00 1.124905494340569634e+00 1.062089473924676675e+00 1.000003931428954607e+00 9.408432280061568287e-01 8.859951213775152379e-01 8.330080543894839984e-01 7.836081380207616798e-01 7.335401803650073438e-01 6.907086563026720860e-01 6.462228425866638482e-01 6.065968034600593972e-01 5.707804100579706441e-01 5.358954693682814741e-01 5.036527937094169571e-01 4.742319881275455784e-01
1.260314609996419311e+00 1.186524586454243302e+00 1.119667032288428787e+00 1.059027058215156414e+00 1.000000292168956140e+00 9.432032868506512457e-01 8.903690787978026933e-01 8.390149485554406761e-01 7.908144945574977491e-01 7.426036757826249834e-01 7.006782468269981967e-01 6.573849477290527599e-01 6.185228648758513970e-01 5.831782428181803146e-01 5.485649899780040695e-01 5.167523759151867457e-01 4.877158771342364751e-01
1.248520143029076657e+00 1.177840808281596985e+00 1.113904786382499346e+00 1.055949153420795428e+00 1.000001762424349128e+00 9.455497140243004361e-01 8.946208602695496781e-01 8.452880200763998042e-01 7.985261364093529934e-01 7.520404667936406717e-01 7.111750111971018029e-01 6.690580091396429729e-01 6.310015460306719337e-01 5.962036512874931971e-01 5.619781506699069729e-01 5.305927577373941162e-01 5.019068828348548506e-01
1.235562646579642099e+00 1.168540746086703885e+00 1.107914345136400636e+00 1.051783673906907968e+00 1.000005383668379988e+00 9.479776913976614150e-01 8.994595626075327921e-01 8.518266612018722261e-01 8.066570975470038762e-01 7.618487897381700513e-01 7.219650969984777733e-01 6.812178628142860903e-01 6.440145425656275124e-01 6.098327220933859039e-01 5.760838081773781427e-01 5.451448481516562028e-01 5.168097897751242620e-01
1.222105296798640772e+00 1.159034575827009528e+00 1.101918640765342960e+00 1.050030441903241352e+00 1.000006967810633141e+00 9.505353065222199582e-01 9.042569275154129782e-01 8.586045476081340944e-01 8.151290379298116173e-01 7.719798768651622289e-01 7.333369824631204015e-01 6.937894179754562352e-01 6.574878186408152914e-01 6.239805678490845109e-01 5.907790183907314363e-01 5.603107510896452315e-01 5.323406850183516337e-01
1.208449072113047196e+00 1.149449066935267938e+00 1.095919864938329269e+00 1.047181606625881001e+00 1.000005446586867519e+00 9.531065966630081210e-01 9.090867544417909896e-01 8.654550661331621431e-01 8.237364466115215667e-01 7.822419427095651523e-01 7.448926171622142212e-01 7.065707378607282152e-01 6.712156931435038221e-01 6.384399260612046989e-01 6.058421346314469824e-01 5.758764172008626891e-01 5.482958092523293470e-01
1.194922713450449869e+00 1.139982147438191262e+00 1.090009255429462254e+00 1.044395784745712819e+00 1.000006741281300737e+00 9.556671693097668063e-01 9.138949072533268936e-01 8.722949124693639700e-01 8.323619131046542385e-01 7.925129973958973117e-01 7.564911168327177471e-01 7.194135419077333227e-01 6.850416095753408818e-01 6.530402949815642399e-01 6.210940863587470773e-01 5.916627420440112584e-01 5.644985188642915874e-01
1.181765266642547108e+00 1.130772328207161115e+00 1.084259721492329298e+00 1.041680583612090150e+00 1.000000037247098073e+00 9.581726470695692832e-01 9.186098279427263869e-01 8.790282549709803606e-01 8.408808114329060501e-01 8.026625497688848476e-01 7.679855446105099404e-01 7.321611389155116001e-01 6.987975519838111049e-01 6.676027501777636042e-01 6.363466300117929242e-01 6.074778875886869267e-01 5.807570486279209909e-01
1.169185782855757916e+00 1.121959342853128927e+00 1.078753793271385319e+00 1.039080171032027877e+00 1.000007901758465323e+00 9.606158973935169376e-01 9.232034226667951149e-01 8.856014374264986611e-01 8.492136895347268677e-01 8.126000512473016135e-01 7.792602845579343906e-01 7.446933490965444991e-01 7.123501509285306010e-01 6.819839077684214379e-01 6.514227142368580470e-01 6.231604680275208974e-01 5.969056448824412442e-01
1.157282730955697447e+00 1.113598598349611057e+00 1.073510589924249414e+00 1.036590214434054413e+00 1.000008193164728887e+00 9.629581014712285114e-01 9.276129681862648191e-01 8.919347029262172377e-01 8.572622235491734743e-01 8.222167856558993959e-01 7.902070989512770538e-01 7.568765696057612180e-01 7.255563296302059983e-01 6.960308302038922257e-01 6.662271501050440747e-01 6.385448570329188556e-01 6.127735224990806806e-01
1.146142174789801738e+00 1.105751270570251243e+00 1.068572520797710812e+00 1.034234299853301620e+00 1.000009586389746019e+00 9.651874424840176658e-01 9.318177000807195132e-01 8.979901386523472251e-01 8.649735482428955180e-01 8.314499094455585215e-01 8.007371621555284813e-01 7.686240935259573970e-01 7.383194288318840615e-01 7.096384507980841860e-01 6.805786393993011885e-01 6.535096035138326931e-01 6.282352611746624405e-01
1.135799834621814774e+00 1.098439689434720368e+00 1.063956114563819000e+00 1.032021483098108261e+00 1.000012595563414264e+00 9.672951587245679494e-01 9.357907616105883841e-01 9.037387947286357193e-01 8.723093935141053024e-01 8.402526161894844359e-01 8.107989147774480321e-01 7.798716233684207522e-01 7.505675127281304926e-01 7.227264977838653293e-01 6.944131719151518389e-01 6.679625085780990235e-01 6.431945127175691113e-01
1.126250097963293451e+00 1.091658928669714035e+00 1.059663405292632365e+00 1.029951131406277032e+00 1.000013266379786714e+00 9.692737358872270947e-01 9.395427177446996625e-01 9.091631022488264602e-01 8.792456426329109398e-01 8.485983439517503779e-01 8.203578969719776959e-01 7.905816425127026870e-01 7.622563055619991923e-01 7.352454314289514903e-01 7.076758173017881903e-01 6.818453627902194558e-01 6.575891717629899214e-01
1.117470209873612452e+00 1.085418806152414817e+00 1.055687084395754427e+00 1.028022982850882450e+00 1.000013631351555077e+00 9.711257830556678794e-01 9.430547972734374396e-01 9.142649408381265941e-01 8.857827355803394864e-01 8.564821045129326071e-01 8.294114996367766279e-01 8.007472581310689508e-01 7.733774052067290405e-01 7.471832853676962927e-01 7.203505104816730897e-01 6.951389651232724454e-01 6.713978327740962593e-01
1.109414622124883731e+00 1.079663299941690857e+00 1.052009850245834155e+00 1.026229558438467748e+00 1.000012369446948046e+00 9.728539198429650980e-01 9.463406486186217714e-01 9.190535995656764490e-01 8.919317170520072446e-01 8.639210517533187916e-01 8.379715390463222668e-01 8.103805925091718265e-01 7.839405809110211454e-01 7.585503712835941492e-01 7.324473333277947695e-01 7.078525313660070095e-01 6.846291490339865282e-01
1.102018298939803520e+00 1.074356807106465084e+00 1.048603014982069537e+00 1.024555759000014721e+00 1.000002150403605850e+00 9.744587412272571747e-01 9.494075392103333844e-01 9.235404933669829619e-01 8.977082891276415566e-01 8.709315295444449712e-01 8.460605908516223295e-01 8.195058226821212433e-01 7.939713131193320006e-01 7.693739311206010401e-01 7.439928804504311044e-01 7.200137090850671218e-01 6.973110696128347330e-01
1.095252450530320498e+00 1.069489998995670987e+00 1.045473546168741663e+00 1.023020722495649126e+00 1.000011176175654937e+00 9.759763409474397911e-01 9.522981497542797324e-01 9.277739988308524310e-01 9.031652104363527833e-01 8.775716243551148210e-01 8.537362990349312009e-01 8.281838161478115579e-01 8.035339635012518356e-01 7.797155915984670393e-01 7.550522509148095418e-01 7.316879737676063034e-01 7.095097038598006112e-01
1.089022912780039043e+00 1.064989639319557702e+00 1.042565098087004705e+00 1.021582719411961104e+00 1.000008069243508491e+00 9.773836491238182544e-01 9.549999416127390450e-01 9.317463519807911432e-01 9.083017721809437672e-01 8.838459409627804630e-01 8.610074889966490286e-01 8.364266717757052882e-01 8.126430879859271039e-01 7.895962508182343687e-01 7.656470237117674049e-01 7.428997507079407869e-01 7.212520039963760121e-01
1.083300498330683759e+00 1.060843071151270856e+00 1.039879433575350731e+00 1.020254717833846803e+00 1.000013612110100869e+00 9.787081028725075349e-01 9.575480924898959190e-01 9.354947056640336989e-01 9.131604766045581245e-01 8.897997576140008746e-01 8.679213953779509882e-01 8.442833718811580956e-01 8.213491278131679341e-01 7.990670911093026296e-01 7.758305575680372046e-01 7.537033776502678473e-01 7.325929927986480905e-01
1.078025144634513932e+00 1.057006704219860760e+00 1.037385293821502907e+00 1.019015678480903464e+00 1.000014201698650407e+00 9.799414062855100749e-01 9.599345296585245491e-01 9.390196516001226845e-01 9.177470386537005531e-01 8.954416664710042051e-01 8.744870215843451033e-01 8.517640016433958294e-01 8.296635217349480618e-01 8.081405535411739782e-01 7.856158720921974092e-01 7.641127265635747623e-01 7.435477969883795835e-01
1.073161481593127631e+00 1.053457369452501124e+00 1.035069721532682285e+00 1.017860513828858782e+00 1.000009439789658838e+00 9.810870462945282533e-01 9.621707207373734194e-01 9.423285464723030191e-01 9.220720450918721278e-01 9.007801209672849918e-01 8.807134093274714415e-01 8.588779730486623132e-01 8.375953470609799334e-01 8.168248941518307937e-01 7.950095225415153566e-01 7.741332695804921116e-01 7.541212417545919422e-01
1.068699129569224748e+00 1.050194740714634811e+00 1.032939831423376642e+00 1.016802760711074560e+00 1.000014944339577161e+00 9.821627026308713537e-01 9.642723044689155421e-01 9.454392124422684729e-01 9.261535467413735123e-01 9.058288795270869054e-01 8.866134669318243011e-01 8.656375012937949087e-01 8.451542549030075513e-01 8.251261582457023458e-01 8.040143944373052687e-01 7.837653451960500117e-01 7.643112595545565879e-01
1.064604163884069754e+00 1.047192755307537970e+00 1.030975121973186415e+00 1.015824949583960413e+00 1.000015346955753781e+00 9.831556536711633099e-01 9.662251040497545906e-01 9.483382525850087008e-01 9.299770183499787013e-01 9.105687219333896687e-01 8.921670976984491519e-01 8.720195357936952885e-01 8.523139137625450612e-01 8.330142172208380158e-01 8.125962643672528518e-01 7.929713129508970670e-01 7.740778491609919820e-01
1.060840767923414196e+00 1.044419600471421461e+00 1.029147123526147123e+00 1.014900516103216077e+00 1.000002488668444656e+00 9.840433264477096431e-01 9.680048915462138304e-01 9.510026024455858762e-01 9.335152064357798984e-01 9.149696808972699325e-01 8.973426656793258571e-01 8.779898251514534069e-01 8.590355950068824242e-01 8.404449008142014232e-01 8.207066633957441626e-01 8.016985321437336554e-01 7.833645514656168984e-01
1.057494970492428354e+00 1.041962562984410479e+00 1.027542433295357105e+00 1.014114341316600720e+00 1.000014753648844179e+00 9.849098010356862609e-01 9.696907854816482208e-01 9.535109639751654376e-01 9.368416342647801764e-01 9.191024264398895971e-01 9.022065537502766963e-01 8.836085992693114566e-01 8.653732195510255298e-01 8.474637449639957909e-01 8.283842841671478219e-01 8.099783995371616641e-01 7.921948894932193674e-01
1.054466009060365694e+00 1.039724695347039818e+00 1.026067154584241248e+00 1.013375068762078834e+00 1.000013940193740458e+00 9.856696168245613343e-01 9.711992995808562679e-01 9.557811700476062100e-01 9.398731079245795650e-01 9.228865379160656746e-01 9.066788236440759263e-01 8.887941396203646871e-01 8.712414424611976127e-01 8.539835532195885204e-01 8.355377642204750988e-01 8.177153852297021075e-01 8.004689711472614544e-01
1.051764997925609402e+00 1.037721838763818738e+00 1.024740978164674132e+00 1.012705462872192985e+00 1.000009240474998951e+00 9.863489451401481478e-01 9.725566517664644417e-01 9.578378005879509827e-01 9.426311400186100364e-01 9.263455639027080579e-01 9.107817917180554002e-01 8.935654342345363821e-01 8.766552896705931408e-01 8.600137437922705796e-01 8.421714119805885357e-01 8.249075091830330164e-01 8.081788301429669863e-01
1.049381730812337876e+00 1.035951996591188973e+00 1.023569171907669828e+00 1.012117253152666541e+00 1.000013599924346908e+00 9.869670869974530580e-01 9.737837953598357243e-01 9.597011999351116041e-01 9.451334337113326267e-01 9.294989156519481988e-01 9.145333418234885547e-01 8.979389716470516092e-01 8.816293733877611505e-01 8.655651659958490951e-01 8.482904849051928764e-01 8.315576355289220345e-01 8.153245568896999584e-01
1.047278366775756586e+00 1.034386456683480171e+00 1.022531031270558444e+00 1.011596305686139008e+00 1.000016035938739112e+00 9.875222718185281412e-01 9.748829321926896219e-01 9.613747504229743779e-01 9.473840289805838255e-01 9.323503698874702206e-01 9.179356847408841613e-01 9.019168926269793829e-01 8.861641325824133331e-01 8.706370981912846529e-01 8.538948721298236233e-01 8.376627976878412429e-01 8.219005939163563923e-01
1.045419424617849424e+00 1.032996642440894730e+00 1.021603690287052446e+00 1.011124771715745219e+00 1.000004441527475807e+00 9.880082003438824811e-01 9.758535695706090918e-01 9.628616057338614809e-01 9.493900453393091521e-01 9.349063068909913010e-01 9.209940684821786849e-01 9.055028921191276003e-01 8.902629235223192827e-01 8.752329420168943885e-01 8.589876840205409314e-01 8.432257885931513375e-01 8.279083152599461259e-01
1.043832543183494499e+00 1.031814928332527970e+00 1.020823653387640695e+00 1.010743040567009032e+00 1.000026089278437169e+00 9.884725242338312512e-01 9.767486622148934261e-01 9.642180217704637846e-01 9.512123260264215840e-01 9.372256164519111588e-01 9.237696108230570857e-01 9.087566464280616430e-01 8.939845109323821815e-01 8.794106992249715038e-01 8.636260489141572849e-01 8.483025674738431388e-01 8.334020472926553236e-01
1.042438743203254248e+00 1.030768785625416406e+00 1.020124443054733820e+00 1.010389769830527529e+00 1.000027595723576246e+00 9.888641997931433281e-01 9.775233707453011567e-01 9.654042714064146047e-01 9.528175946349636272e-01 9.392787453203240711e-01 9.262395890245082031e-01 9.116586348592143896e-01 8.973120079814120853e-01 8.831553350058604090e-01 8.677962650351948026e-01 8.528801679357305154e-01 8.383697600030451946e-01
1.041233716838701140e+00 1.029860479074244939e+00 1.019514552461604717e+00 1.010079116219218864e+00 1.000030467717065275e+00 9.892086286542381979e-01 9.782091595042903265e-01 9.664565490963379357e-01 9.542478146700182906e-01 9.411126395834731317e-01 9.284568312127975398e-01 9.142679061295782006e-01 9.003087800994333811e-01 8.865324876071929427e-01 8.715643694008535780e-01 8.570248251018439678e-01 8.428768321991514378e-01
1.040175912851436735e+00 1.029056595432844112e+00 1.018967597754853349e+00 1.009791771040294828e+00 1.000020968686326839e+00 9.894999530706920510e-01 9.788054255163063377e-01 9.673800119172224488e-01 9.555128893146386249e-01 9.427425048765866178e-01 9.304392561956219554e-01 9.166082129073893636e-01 9.030023145537580120e-01 8.895723161089941211e-01 8.749615510653948602e-01 8.607673195366224439e-01 8.469524591946923087e-01
1.039275522839935961e+00 1.028374193202145293e+00 1.018507442068056656e+00 1.009557475681679861e+00 1.000031300085056918e+00 9.897748475037051463e-01 9.793517939791210880e-01 9.682177659657141833e-01 9.566572507013096915e-01 9.442139469887516068e-01 9.322301205916199152e-01 9.187233545202460050e-01 9.054368284802816191e-01 8.923199161539223656e-01 8.780327832547675238e-01 8.641513353831162814e-01 8.506376613376162021e-01
1.038471678995764647e+00 1.027758017396244394e+00 1.018083964610620340e+00 1.009330967409710400e+00 1.000017807732254571e+00 9.899924461762364958e-01 9.798085947074383073e-01 9.689327707867291251e-01 9.576447325345988082e-01 9.454913828400616227e-01 9.337925806053546385e-01 9.205762107794042137e-01 9.075761702741140802e-01 8.947406400632920143e-01 8.807457582407881569e-01 8.671466222213057851e-01 8.539044803218887036e-01
1.037794204450225743e+00 1.027240748613170940e+00 1.017732122920299132e+00 1.009149341216892592e+00 1.000019101352227269e+00 9.901937334460525486e-01 9.802175278257966307e-01 9.695685893786095688e-01 9.585210881695114260e-01 9.466223153371421395e-01 9.351761134457075020e-01 9.222180113001733348e-01 9.094742024795545721e-01 8.968919015531406913e-01 8.831614659411400892e-01 8.698195362125630270e-01 8.568249140276024134e-01
1.037230513323345038e+00 1.026812972534071333e+00 1.017445948470385497e+00 1.009009762344453387e+00 1.000036937802938342e+00 9.903856554282832736e-01 9.805910084413946848e-01 9.701422295754855707e-01 9.593098830947125455e-01 9.476369111271093493e-01 9.364173345500940160e-01 9.236924846961416247e-01 9.111818016726840330e-01 8.988313652156770805e-01 8.853470007068591219e-01 8.722424617061631524e-01 8.594787738764970708e-01
1.036714328164142440e+00 1.026414883651025844e+00 1.017171743820990404e+00 1.008864544569978650e+00 1.000031089570690979e+00 9.905365434652115830e-01 9.809056738231271000e-01 9.706377899343822113e-01 9.600039721401485426e-01 9.485376467537832701e-01 9.375270540947732156e-01 9.250198717311673979e-01 9.127278978618171834e-01 9.005959726541947763e-01 8.873438343066495371e-01 8.744655736919778599e-01 8.619218746725897384e-01
1.036255838292240883e+00 1.026063851333526955e+00 1.016933622025325779e+00 1.008744141620351753e+00 1.000039121561814293e+00 9.906918939839279847e-01 9.812146656924849442e-01 9.711153028101972007e-01 9.606697562039786531e-01 9.493987177117453324e-01 9.385852166812346242e-01 9.262862785682625111e-01 9.142035335093524617e-01 9.022804066789800181e-01 8.892501605401205156e-01 8.765877883092501044e-01 8.642534365234640914e-01
1.035782394621078462e+00 1.025694785775083551e+00 1.016673468470328023e+00 1.008596828958682190e+00 1.000015940570013528e+00 9.908129380821613097e-01 9.814852642144915595e-01 9.715480621081865609e-01 9.612843703548952234e-01 9.502025281339627760e-01 9.395776960773737363e-01 9.274803937145666977e-01 9.155990846400622329e-01 9.038757041983359608e-01 8.910569205371060564e-01 8.785991125144556602e-01 8.664619761551275445e-01
1.035320691428502249e+00 1.025338489367087602e+00 1.016425703427454641e+00 1.008460313851905488e+00 1.000002581750492059e+00 9.909426660350334481e-01 9.817622467285618271e-01 9.719829446835761555e-01 9.618943890906278549e-01 9.509959764514485103e-01 9.405509137680062581e-01 9.286471526841968416e-01 9.169574258873957051e-01 9.054225310369793389e-01 8.928022940833213461e-01 8.805355094337949939e-01 8.685816367767770219e-01
1.034878435835442589e+00 1.025004297601394887e+00 1.016201104039487380e+00 1.008346780297069589e+00 1.000012773211605310e+00 9.910946499164288159e-01 9.820593107043879000e-01 9.724340170984453469e-01 9.625131603632757216e-01 9.517915564717531751e-01 9.415170834488113538e-01 9.297976654769984917e-01 9.182891765202423340e-01 9.069314559976554557e-01 8.944974829869630772e-01 8.824091651436027917e-01 8.706263707189368928e-01
1.034442583567659169e+00 1.024679500575568447e+00 1.015987834060763317e+00 1.008245535334777232e+00 1.000037187754614587e+00 9.912598802130447861e-01 9.823682187248984343e-01 9.728944473847942476e-01 9.631353095789182417e-01 9.525851466572206050e-01 9.424739652289757519e-01 9.309317677310082750e-01 9.195966859600097631e-01 9.084080279722266393e-01 8.961512959689719171e-01 8.842333207553476626e-01 8.726137085203123922e-01
1.033972750916567263e+00 1.024326254285253368e+00 1.015750611720202645e+00 1.008124067785686195e+00 1.000045950432924435e+00 9.914111091699011613e-01 9.826643151307284940e-01 9.733427607540737769e-01 9.637434389012332625e-01 9.533630230925141946e-01 9.434114989495649972e-01 9.320437792189590898e-01 9.208791958194024740e-01 9.098568166708852489e-01 8.977748399320376604e-01 8.860252801187128435e-01 8.745677768802224694e-01
1.033420280617704190e+00 1.023899792058535096e+00 1.015448636268349469e+00 1.007945474670857600e+00 1.000005680371808037e+00 9.915190591227717176e-01 9.829226169473554986e-01 9.737582570890263023e-01 9.643222182121325980e-01 9.541152486063615434e-01 9.443254224871587832e-01 9.331361049340760605e-01 9.221461718019581255e-01 9.112946625535901513e-01 8.993928763346676902e-01 8.878173692464370603e-01 8.765280983070725673e-01
1.032897747754827789e+00 1.023516154276967738e+00 1.015202027727294398e+00 1.007833976761939088e+00 1.000044209275192664e+00 9.917160107448482753e-01 9.832799783332034638e-01 9.742826105427940808e-01 9.650188625100341033e-01 9.549947217933323351e-01 9.453737158792367978e-01 9.343722883121335920e-01 9.235664280578689267e-01 9.128951971386795039e-01 9.011831385642472547e-01 8.897905089051498795e-01 8.786771588786530529e-01
1.032241248054796445e+00 1.023020427911204955e+00 1.014863535417718454e+00 1.007649715777976018e+00 1.000027918602009347e+00 9.918754851754753021e-01 9.836166513485863350e-01 9.748029425440554174e-01 9.657271857316335195e-01 9.559019925058548361e-01 9.464622960715362021e-01 9.356637106225429434e-01 9.250557448514012959e-01 9.145775031444316472e-01 9.030671408022924451e-01 8.918675382526340956e-01 8.809386281643613037e-01
1.031482771109712315e+00 1.022450428867191174e+00 1.014476845301376384e+00 1.007441911019538283e+00 1.000009963485280151e+00 9.920542304610242557e-01 9.839922121717874504e-01 9.753810204637782810e-01 9.665102249016764846e-01 9.569010063666231192e-01 9.476549665905864561e-01 9.370736299637901778e-01 9.266765416140884115e-01 9.164030176533556338e-01 9.051053751055886387e-01 8.941085426684540760e-01 8.833727416721254277e-01
1.030644227164710713e+00 1.021832027648557295e+00 1.014071691722799651e+00 1.007243997934735180e+00 1.000025324768458734e+00 9.922881964125753740e-01 9.844428852301352340e-01 9.760530217038533296e-01 9.674040178341724028e-01 9.580278261672914297e-01 9.489880516429258783e-01 9.386392179961714488e-01 9.284671796413463962e-01 9.184117814139193259e-01 9.073400208813308110e-01 8.965579849450587835e-01 8.860263273066774081e-01
1.029666544591566035e+00 1.021109030344297119e+00 1.013594286764970320e+00 1.007004166613939100e+00 1.000024109649799486e+00 9.925291133035023527e-01 9.849223149312620329e-01 9.767748019315667385e-01 9.683668485960750250e-01 9.592436929238661314e-01 9.504258874472674146e-01 9.403280601352708157e-01 9.303986225945263255e-01 9.205779909460504173e-01 9.097485706946391026e-01 8.991965476233078070e-01 8.888829792003256625e-01
1.028551537123463255e+00 1.020285402532229435e+00 1.013050707174942167e+00 1.006730675544680320e+00 1.000016606163428801e+00 9.927897254585448250e-01 9.854455644892365918e-01 9.775638635673006283e-01 9.694176505146459011e-01 9.605711878482368071e-01 9.519931844197822013e-01 9.421675569599295974e-01 9.325005460305650917e-01 9.229336090279242066e-01 9.123654875458736546e-01 9.020609467874369791e-01 8.919816860826540461e-01
1.027295639829295393e+00 1.019359733907749366e+00 1.012441664643729533e+00 1.006426274115060027e+00 1.000007681593076958e+00 9.930769106922886502e-01 9.860216040284772721e-01 9.784313270737959867e-01 9.705730579042286532e-01 9.620258414943283487e-01 9.537075177532676751e-01 9.441772670402961420e-01 9.347950589388911435e-01 9.255030134591656354e-01 9.152173040373140500e-01 9.051799384926316749e-01 8.953532002940185475e-01
1.025893132200800917e+00 1.018328472594985490e+00 1.011765933248260252e+00 1.006091609531500675e+00 9.999998499241899985e-01 9.933951863808754279e-01 9.866568213419043554e-01 9.793854508283211802e-01 9.718398133781381842e-01 9.636199032479750848e-01 9.555829310042690539e-01 9.463736775727065176e-01 9.373005131443060689e-01 9.283065993392567439e-01 9.183267040220064459e-01 9.085782583216994723e-01 8.990243163923934411e-01
1.024337989350646128e+00 1.017187668564006664e+00 1.011020967169277585e+00 1.005726791080665983e+00 9.999951226673150506e-01 9.937480737432811129e-01 9.873564721934766641e-01 9.804332231977926915e-01 9.732277400010955759e-01 9.653639763475516666e-01 9.576314929472413695e-01 9.487707525758811711e-01 9.400329426806180999e-01 9.313623881448075403e-01 9.217138232718762314e-01 9.122781676100745196e-01 9.030192577722235825e-01
1.022626039263021092e+00 1.015935221531166555e+00 1.010207290376192057e+00 1.005333698739432124e+00 9.999967674950174246e-01 9.941405133810617967e-01 9.881269282447666669e-01 9.815825325483591435e-01 9.747461690367735798e-01 9.672690229865398281e-01 9.598653836659823968e-01 9.513824956591888649e-01 9.430082153498263731e-01 9.346881169306344717e-01 9.253984612708563429e-01 9.163013839190503607e-01 9.073616875677557037e-01
1.020735290530857764e+00 1.014550818679810673e+00 1.009306265634632327e+00 1.004895764235997691e+00 9.999895968021045300e-01 9.945584629779715691e-01 9.889553213569715062e-01 9.828216919674465091e-01 9.763846006405008104e-01 9.693258929038743865e-01 9.622764603254928550e-01 9.542024393580145203e-01 9.462215689167996491e-01 9.382808936257074350e-01 9.293795996914753221e-01 9.206488178015014290e-01 9.120544069604269444e-01
1.018654991894273776e+00 1.013025468641874483e+00 1.008310475830272779e+00 1.004407173437671608e+00 9.999688366163933528e-01 9.949978610532727030e-01 9.898385684840835808e-01 9.841484255123281732e-01 9.781414890716968458e-01 9.715342249292738819e-01 9.648648932791715760e-01 9.572320616578174901e-01 9.496759199262148066e-01 9.421450688649574134e-01 9.336633686960459366e-01 9.253284346632580926e-01 9.171071326821044201e-01
1.016398635169885933e+00 1.011374213082476992e+00 1.007236392886447396e+00 1.003886083280388641e+00 9.999533230882318158e-01 9.954782858489568120e-01 9.907966789193501933e-01 9.855833431564853253e-01 9.800379127666857260e-01 9.739157463764978040e-01 9.676526108211324084e-01 9.604943521264359685e-01 9.533954273774397636e-01 9.463061335309688182e-01 9.382768016122922106e-01 9.303687146745440728e-01 9.225501184730928728e-01
1.013995299552871154e+00 1.009627038033941160e+00 1.006115903088425467e+00 1.003365887131541623e+00 9.999770750406534736e-01 9.960339158963393835e-01 9.918641659071752992e-01 9.871610178461737162e-01 9.821086885572848368e-01 9.765057885624996992e-01 9.706750333543631148e-01 9.640252536140598849e-01 9.574169746030894990e-01 9.508020833992326670e-01 9.432592370779332436e-01 9.358103494688555513e-01 9.284247071435323129e-01
1.011350062108044900e+00 1.007689743613947142e+00 1.004854796302711017e+00 1.002752532886478587e+00 9.999454783998957819e-01 9.965693768550875076e-01 9.929449891936091843e-01 9.887848634637013134e-01 9.842564225126404498e-01 9.792065624000840796e-01 9.738328364101566104e-01 9.677265015078096999e-01 9.616429011101801372e-01 9.555360047414047653e-01 9.485149030379294022e-01 9.415591550554025524e-01 9.346386204267480569e-01
1.008588460919581431e+00 1.005688678776832434e+00 1.003580455519062387e+00 1.002175672057788347e+00 9.999890770867929657e-01 9.972143050655432051e-01 9.941685081602372742e-01 9.905838747901231089e-01 9.866095235590124357e-01 9.821463055370429629e-01 9.772540106149294470e-01 9.717253861156343042e-01 9.662007528424324532e-01 9.606360367497205344e-01 9.541726575109029662e-01 9.477440502459443250e-01 9.413230600083478672e-01
1.005802596414915540e+00 1.003672027276177436e+00 1.002299687296096531e+00 1.001601560919403333e+00 1.000035222997205819e+00 9.978621034288404079e-01 9.953935969272048601e-01 9.923824738415040203e-01 9.889593816813310179e-01 9.850820730995650809e-01 9.806662807495507561e-01 9.757170849189156225e-01 9.707543434399887872e-01 9.657361526347659764e-01 9.598363333260248043e-01 9.539413668007502567e-01 9.480244517573884755e-01
1.003067382610441260e+00 1.001670813274489147e+00 1.001001660297622831e+00 1.000979623108718686e+00 1.000000103424005360e+00 9.983924679417830461e-01 9.964672790950949155e-01 9.939952628560392300e-01 9.910894238674248236e-01 9.877645106930372787e-01 9.837934228642473133e-01 9.793934568247069095e-01 9.749649769061067284e-01 9.704678625898476296e-01 9.651071460786893041e-01 9.597235862001671780e-01 9.542915810131892274e-01
1.000521965144073988e+00 9.998264028391246061e-01 9.998297033570562320e-01 1.000455155602151702e+00 1.000030906143610121e+00 9.989561385663047188e-01 9.975427327374489783e-01 9.955779512257240116e-01 9.931578362308952634e-01 9.903540009451484716e-01 9.867980449765006989e-01 9.829186807795927683e-01 9.789980605314854145e-01 9.749976634592468772e-01 9.701523481622884582e-01 9.652585231612467176e-01 9.602916759030204474e-01
9.980496418084262578e-01 9.980221452631079515e-01 9.986671772053820062e-01 9.999113634491535452e-01 1.000011526204858336e+00 9.994379564360191814e-01 9.985058836353484235e-01 9.970176161052792807e-01 9.950529805025044583e-01 9.927400655304444710e-01 9.895711521235213137e-01 9.861848063221858585e-01 9.827464251174410359e-01 9.792190563097654676e-01 9.748660399333851645e-01 9.704407845649627440e-01 9.659197685513896126e-01
9.957272425014745965e-01 9.963368484220875843e-01 9.975946824848250793e-01 9.994303940411043419e-01 1.000026332377829785e+00 9.999247332840891511e-01 9.994457857226919373e-01 9.984055458312309783e-01 9.968682972829533417e-01 9.950180989773405038e-01 9.922102615918938495e-01 9.892908121505844532e-01 9.863104540646381313e-01 9.832335519067521012e-01 9.793506375238401063e-01 9.753735440309979632e-01 9.712796504602109193e-01
9.935118319835645195e-01 9.947284427647753446e-01 9.965708719989038178e-01 9.989716250393317898e-01 1.000035955795304909e+00 1.000378477013766254e+00 1.000325854199190623e+00 9.997066345518867969e-01 9.985703075567148312e-01 9.971561016117111986e-01 9.946849013672803830e-01 9.922075326297178366e-01 9.896619548735985372e-01 9.870138334175529993e-01 9.835796330659080100e-01 9.800309423818527321e-01 9.763459897132494847e-01
9.913847111160062342e-01 9.931793712845851108e-01 9.955791993831364373e-01 9.985193019924382130e-01 1.000026100091411685e+00 1.000786507635071709e+00 1.001134946456119890e+00 1.000911341201330185e+00 1.000151005043809160e+00 9.991475482067869729e-01 9.969902338050324886e-01 9.949313506471637591e-01 9.927983971893801218e-01 9.905582733770866843e-01 9.875521839363700094e-01 9.844129275677698798e-01 9.811194088616878028e-01
9.893514429389185239e-01 9.916971377783497799e-01 9.946277470007579558e-01 9.980827270328530565e-01 1.000007575816465044e+00 1.001161260903798533e+00 1.001887116126811472e+00 1.002035361991127083e+00 1.001627789168995530e+00 1.001011422087200842e+00 9.991467655556753868e-01 9.974840246244561781e-01 9.957427729690978557e-01 9.938908610990587755e-01 9.912932457396361752e-01 9.885451598808646656e-01 9.856261852341339225e-01
9.874350358071293243e-01 9.903044916307239820e-01 9.937425823574851380e-01 9.976892536165753445e-01 1.000009360509983569e+00 1.001533547643217448e+00 1.002614864926792526e+00 1.003112890177116467e+00 1.003036510746284415e+00 1.002785122320794420e+00 1.001193587467995139e+00 9.999060294457063902e-01 9.985366409536765575e-01 9.970542705169070929e-01 9.948463761813737261e-01 9.924720596390925742e-01 9.899114771701766902e-01
9.856165493351106699e-01 9.889854367095060050e-01 9.929068353879990649e-01 9.973228939727371012e-01 1.000016762960189043e+00 1.001889983307333143e+00 1.003306074017781935e+00 1.004133209950203609e+00 1.004367771771153439e+00 1.004460573895854747e+00 1.003123871289443469e+00 1.002191741350221932e+00 1.001175451612116962e+00 1.000044792277233530e+00 9.982087289491908821e-01 9.961915054823358151e-01 9.939738174174773677e-01
9.838775357181797077e-01 9.877219496743352423e-01 9.921040717335790626e-01 9.969680355168591968e-01 1.000015306517504587e+00 1.002217357083092564e+00 1.003948787157120437e+00 1.005085504144987985e+00 1.005612148133492978e+00 1.006029568920903783e+00 1.004930742363959073e+00 1.004335285346558582e+00 1.003654267737282613e+00 1.002858344218616971e+00 1.001377027530739872e+00 9.997009337840234711e-01 9.978112608540160577e-01
9.822113775374819999e-01 9.865085605367329702e-01 9.913298049087261310e-01 9.966211936524169701e-01 1.000002687464747408e+00 1.002514608346780633e+00 1.004543179564807875e+00 1.005971283227153235e+00 1.006772302563897714e+00 1.007495995727284432e+00 1.006619291614602618e+00 1.006342826038233440e+00 1.005980211673540126e+00 1.005502911505993024e+00 1.004360038392863919e+00 1.003009840483291004e+00 1.001433952735731214e+00
9.806545753654249964e-01 9.853833782102049410e-01 9.906237234000042635e-01 9.963234557895100929e-01 1.000021524990366562e+00 1.002825927925457661e+00 1.005134899267787540e+00 1.006837671708157966e+00 1.007896801744268434e+00 1.008909818564344585e+00 1.008240754861704502e+00 1.008266816955215806e+00 1.008206858822565000e+00 1.008033055917134435e+00 1.007213267550709057e+00 1.006174548854153139e+00 1.004898932699009872e+00
9.791782595784608301e-01 9.843183022111346991e-01 9.899585005004333249e-01 9.960480450833639754e-01 1.000045908942684081e+00 1.003126342810598981e+00 1.005699867144378423e+00 1.007661503351474419e+00 1.008963465360925404e+00 1.010249776007560829e+00 1.009774841596832173e+00 1.010087840574014795e+00 1.010315542748781770e+00 1.010430817276607662e+00 1.009919425914676872e+00 1.009178378920194685e+00 1.008190626635689702e+00
9.777591803231688861e-01 9.832909652727451766e-01 9.893121409906704411e-01 9.957738803939270023e-01 1.000055550567130691e+00 1.003396432218805590e+00 1.006219564834519131e+00 1.008425248712300215e+00 1.009955571636883320e+00 1.011499990614994626e+00 1.011206629175802840e+00 1.011791719247926657e+00 1.012292831219710587e+00 1.012683471064212304e+00 1.012466438498690557e+00 1.012009849909112580e+00 1.011296436029463397e+00
9.763725830411613682e-01 9.822771291000885752e-01 9.886614808458344950e-01 9.954780846414607032e-01 1.000028321001857678e+00 1.003614878960119583e+00 1.006673423461273531e+00 1.009108874295433278e+00 1.010854159943602504e+00 1.012642386513921577e+00 1.012518799173665052e+00 1.013361931267424465e+00 1.014122873126400703e+00 1.014775707466552435e+00 1.014839573098317738e+00 1.014654767906935096e+00 1.014204308789124376e+00
9.750886003362354559e-01 9.813489701512051466e-01 9.880801618814745169e-01 9.952362196110299264e-01 1.000041416466137090e+00 1.003860405276019163e+00 1.007141638692382157e+00 1.009794261898985246e+00 1.011742304992580666e+00 1.013761273739884450e+00 1.013796794821733682e+00 1.014885092663199595e+00 1.015893374825124873e+00 1.016796301186329021e+00 1.017128579523804088e+00 1.017203735120229213e+00 1.017005060030430341e+00
9.738705310561271977e-01 9.804701867160685591e-01 9.875324917370764677e-01 9.950127759534901362e-01 1.000059771101438510e+00 1.004098582795443617e+00 1.007590334146213351e+00 1.010448099779337250e+00 1.012587115958144990e+00 1.014824594321928508e+00 1.015009203797117232e+00 1.016330361515355829e+00 1.017574045091534263e+00 1.018715443209969651e+00 1.019304091842849314e+00 1.019627851804197904e+00 1.019670224131310698e+00
9.726560694860956202e-01 9.795785699791444978e-01 9.869561735988496842e-01 9.947454869507501574e-01 1.000021310885712555e+00 1.004267531132396085e+00 1.007957914052850734e+00 1.011009092876595350e+00 1.013327916759328540e+00 1.015771793465653827e+00 1.016095969469147375e+00 1.017638057708150967e+00 1.019105523126587087e+00 1.020474023601489977e+00 1.021307419594002397e+00 1.021868679146767045e+00 1.022141618798919183e+00
9.715753142937458842e-01 9.788066847033043416e-01 9.864863543368610488e-01 9.945719254936326026e-01 1.000065749836985596e+00 1.004508902593122865e+00 1.008387868293843415e+00 1.011622463915163417e+00 1.014111378782290629e+00 1.016751289400843694e+00 1.017206634561867107e+00 1.018959137773413071e+00 1.020640094974831324e+00 1.022225635301522439e+00 1.023293216511781623e+00 1.024082011250535773e+00 1.024575985637971032e+00
9.704720741408013884e-01 9.779971897661430269e-01 9.859645539274345394e-01 9.943321071822019963e-01 1.000038839379874700e+00 1.004661079129725909e+00 1.008717955278080947e+00 1.012125276083264636e+00 1.014774536273810757e+00 1.017599688911101641e+00 1.018177897295643675e+00 1.020130053824602090e+00 1.022014003371853441e+00 1.023806272143883644e+00 1.025097391358747112e+00 1.026103559339497595e+00 1.026809239845531740e+00
9.694707842947499765e-01 9.772766386729850874e-01 9.855188335877250738e-01 9.941569273812269625e-01 1.000053244386200246e+00 1.004858568402307029e+00 1.009084269500599929e+00 1.012655418843736221e+00 1.015456276545401604e+00 1.018457304756996917e+00 1.019151041884416742e+00 1.021293293957982851e+00 1.023370833321736173e+00 1.025360605178190054e+00 1.026865533044910572e+00 1.028079867429590566e+00 1.028987880055078463e+00
9.685172818225933344e-01 9.765913104330455896e-01 9.850963140302964050e-01 9.939928626607745787e-01 1.000075751867999685e+00 1.005048233561047555e+00 1.009433906692477123e+00 1.013160168939434724e+00 1.016104331560404361e+00 1.019272176948537334e+00 1.020074523680903011e+00 1.022397612722568239e+00 1.024659725991850845e+00 1.026838067758741202e+00 1.028547500847903695e+00 1.029961076935555164e+00 1.031063209968786420e+00
9.675467642305169980e-01 9.758758218740963830e-01 9.846310050660342927e-01 9.937737777389128446e-01 1.000033332652795037e+00 1.005163672409502773e+00 1.009700448153749708e+00 1.013573094883529091e+00 1.016652296728944638e+00 1.019977988848332018e+00 1.020882020289789027e+00 1.023377007269791417e+00 1.025814685999737907e+00 1.028172736419920685e+00 1.030077401415684601e+00 1.031681378979461883e+00 1.032969205184279593e+00
9.666661737855145597e-01 9.752393215900041490e-01 9.842341641213914194e-01 9.936129987566575394e-01 1.000040996141817962e+00 1.005321445918981871e+00 1.010001865563984413e+00 1.014013526643987806e+00 1.017220760301899674e+00 1.020696555404364991e+00 1.021696467945789610e+00 1.024355294226964919e+00 1.026960649433440675e+00 1.029490569831167601e+00 1.031582214664901409e+00 1.033368676924865559e+00 1.034834608511535636e+00
9.658560086614569329e-01 9.746626270177867202e-01 9.838869905192880738e-01 9.934919950679080847e-01 1.000080472406628562e+00 1.005503598031947110e+00 1.010320519598900013e+00 1.014464153217189191e+00 1.017792747188105196e+00 1.021411243395708990e+00 1.022501484613836054e+00 1.025316516776599629e+00 1.028081985984353741e+00 1.030776269691084046e+00 1.033046935516110487e+00 1.035008269766897193e+00 1.036644988167366721e+00
9.650558161762508025e-01 9.740850137621612781e-01 9.835282221260434055e-01 9.933492033942147303e-01 1.000090099733451421e+00 1.005648356069692939e+00 1.010594545876041472e+00 1.014863070915971610e+00 1.018306328953421325e+00 1.022060182317269028e+00 1.023235331280412330e+00 1.026198966549205949e+00 1.029117036172526589e+00 1.031968182790047761e+00 1.034409993293418539e+00 1.036538627200928042e+00 1.038338887591265580e+00
9.642761188643743653e-01 9.735176577283670696e-01 9.831698638037977833e-01 9.931971501853373852e-01 1.000082893918244231e+00 1.005769258128149213e+00 1.010837999265778331e+00 1.015224846224782818e+00 1.018776560997664227e+00 1.022658865144083995e+00 1.023913891942622501e+00 1.027019015101521493e+00 1.030082588513016928e+00 1.033083522650768860e+00 1.035688995706570470e+00 1.037977734995488399e+00 1.039934674759422473e+00
9.635251368951456286e-01 9.729694175276767387e-01 9.828216276418482167e-01 9.930458382506320847e-01 1.000070401453779123e+00 1.005877293564181096e+00 1.011062320496519451e+00 1.015561316029365724e+00 1.019215753853451645e+00 1.023220056325168326e+00 1.024550302223578679e+00 1.027790247411111801e+00 1.030992601568508693e+00 1.034136669630735028e+00 1.036898701506415943e+00 1.039340758004910770e+00 1.041447809817870995e+00
9.618771847828474497e-01 9.715085985579515748e-01 9.815445781319859231e-01 9.919507776375905417e-01 9.990999921615053569e-01 1.005018702234004024e+00 1.010310036237884068e+00 1.014911888082123292e+00 1.018660695478556644e+00 1.022778202473966225e+00 1.024178111243035039e+00 1.027544972888154495e+00 1.030878612164049635e+00 1.034158504586611071e+00 1.037070249657662924e+00 1.039659298781932861e+00 1.041910776520835524e+00
9.594353099027302934e-01 9.692394901477080493e-01 9.794452086386249423e-01 9.900187302451139981e-01 9.972825648652819952e-01 1.003302107157130640e+00 1.008690611690861827e+00 1.013386735642523684e+00 1.017222253389701958e+00 1.021444793405371199e+00 1.022909240506267858e+00 1.026395714134843873e+00 1.029853532649186665e+00 1.033262442435880502e+00 1.036317277756370725e+00 1.039047369051413483e+00 1.041437861150629418e+00
9.562103860308863723e-01 9.661727989607723499e-01 9.765337781973825182e-01 9.872602009347348773e-01 9.946275116594752719e-01 1.000737983652350671e+00 1.006214437159848707e+00 1.010996341576541058e+00 1.014910923103028884e+00 1.019230326691253019e+00 1.020754202063393068e+00 1.024352898928176048e+00 1.027927717298933397e+00 1.031458667978385035e+00 1.034649923021736972e+00 1.037514876114596474e+00 1.040038740372791315e+00
9.522197185340465220e-01 9.623260473299890538e-01 9.728278263606363607e-01 9.836925536569287587e-01 9.911524430593575685e-01 9.973440273335458794e-01 1.002899370363632636e+00 1.007758571144759863e+00 1.011744624285879413e+00 1.016152765800328650e+00 1.017731028266920079e+00 1.021434512181895515e+00 1.025119101787141718e+00 1.028765069994212134e+00 1.032085906177617751e+00 1.035079421776023523e+00 1.037730897643501571e+00
9.474971774062221908e-01 9.577331339026311507e-01 9.683615156070604080e-01 9.793503941238621557e-01 9.868920340695356286e-01 9.931551740597442945e-01 9.987805419467999934e-01 1.003708736044790273e+00 1.007758912015219499e+00 1.012247791532550734e+00 1.013875601509750535e+00 1.017676553358219271e+00 1.021463736749870677e+00 1.025217719088680202e+00 1.028661308230297333e+00 1.031777061394256512e+00 1.034550339263811791e+00
9.420771257972112567e-01 9.524289312241444039e-01 9.631698676978575069e-01 9.742689672280904212e-01 9.818818836735031530e-01 9.882072691846980339e-01 9.938940507200247909e-01 9.988832278915867890e-01 1.002990333177945947e+00 1.007552180162348154e+00 1.009224774886704257e+00 1.013115970854543857e+00 1.016998676133929136e+00 1.020853747592579852e+00 1.024413273073849773e+00 1.027645002577598277e+00 1.030534180014649692e+00
9.359946073765326169e-01 9.464483808478905136e-01 9.572885243907153230e-01 9.684842332648579966e-01 9.761582485191916403e-01 9.825368670967270512e-01 9.882766921089554124e-01 9.933190521082071456e-01 9.974761969975705078e-01 1.002103359926443948e+00 1.003816157312818147e+00 1.007790509527184186e+00 1.011761756502342680e+00 1.015711062328631398e+00 1.019379736920413171e+00 1.022720993181088556e+00 1.025720329755996474e+00
9.292848295870049791e-01 9.398275471855317420e-01 9.507535237460628119e-01 9.620325797024711356e-01 9.697578216532186657e-01 9.761809454440310008e-01 9.819657265572150351e-01 9.870537136880859208e-01 9.912540266231446573e-01 9.959392584656068248e-01 9.976878484733858743e-01 1.001738395847195040e+00 1.005791333758377259e+00 1.009828115456702369e+00 1.013599235411004829e+00 1.017043787835743007e+00 1.020147378265642946e+00
9.219834258764900703e-01 9.326021653419011015e-01 9.436010930870363245e-01 9.549505730081723209e-01 9.627175063505524211e-01 9.691767258834546039e-01 9.749986403308461558e-01 9.801249681559256466e-01 9.843620176622271956e-01 9.890980917915452864e-01 9.908782162846040409e-01 9.949981762846675792e-01 9.991260850152123840e-01 1.003243676597674661e+00 1.007110684092042741e+00 1.010652190633685832e+00 1.013854218887634495e+00
9.141258044549769313e-01 9.248080789589284700e-01 9.358674510188425000e-01 9.472748397019060684e-01 9.550742580605126042e-01 9.615614554418034921e-01 9.674129822482618879e-01 9.725706116352156316e-01 9.768381362405255119e-01 9.816181364861227276e-01 9.834256960141741777e-01 9.876084553903837771e-01 9.918047387271496929e-01 9.959966169907282785e-01 9.999527080841512650e-01 1.003585229118168831e+00 1.006879918157452147e+00
9.057472356196130114e-01 9.164809529907460561e-01 9.275886635557122339e-01 9.390418326216263267e-01 9.468648733287499120e-01 9.533722623950171560e-01 9.592461593794391339e-01 9.644283397506867583e-01 9.687203625307777566e-01 9.735375434926063498e-01 9.753686308764631940e-01 9.796077052864105017e-01 9.838659647892884497e-01 9.881257293912888429e-01 9.921645653829124223e-01 9.958818749265018200e-01 9.992634829349061887e-01
8.968826203381569107e-01 9.076561050107693207e-01 9.188004699929434027e-01 9.302877098569271030e-01 9.381258607541779204e-01 9.446459778501995475e-01 9.505352891084484224e-01 9.557355315244545624e-01 9.600461911018824956e-01 9.648941981338642337e-01 9.667450579432700364e-01 9.710342735514939649e-01 9.753481585876869753e-01 9.796695611041719154e-01 9.837847838151068114e-01 9.875808761350429732e-01 9.910437501474811395e-01
8.875664143468308120e-01 8.983684140117276229e-01 9.095381542760462290e-01 9.210481559259576789e-01 9.288932614367350071e-01 9.354189600141832317e-01 9.413170476549096444e-01 9.465291437101295280e-01 9.508529678654253914e-01 9.557255501900726591e-01 9.575925891852106187e-01 9.619257196001733679e-01 9.662893061841368869e-01 9.706662380106829691e-01 9.748516205833402948e-01 9.787205884729361927e-01 9.822591368348572161e-01
8.778324350198352111e-01 8.886521829064604194e-01 8.998364466760275793e-01 9.113585226144506057e-01 9.192025654005472335e-01 9.257270350091350020e-01 9.316275413608340328e-01 9.368455591430420171e-01 9.411772629562381587e-01 9.460684635012005517e-01 9.479482873680021848e-01 9.523195269484437953e-01 9.567268209404793389e-01 9.611533542223078541e-01 9.654027986267886829e-01 9.693388442470192157e-01 9.729475787111678819e-01
8.677138301254386787e-01 8.785408834782111320e-01 8.897292384098485218e-01 9.012526063683153899e-01 9.090885862029490783e-01 9.156053169817114368e-01 9.215021867437827030e-01 9.267204754179014792e-01 9.310550455328396868e-01 9.359591553910779904e-01 9.378485083774599218e-01 9.422521879327399041e-01 9.466974568522299460e-01 9.511678293080587654e-01 9.554753811452433299e-01 9.594728322329540982e-01 9.631463612320850798e-01
8.572429427128812618e-01 8.680673516582843030e-01 8.792498730211887326e-01 8.907647014094265403e-01 8.985852909976176361e-01 9.050881427780056443e-01 9.109756185909835269e-01 9.161888011469028203e-01 9.205214433471192725e-01 9.254330151510583580e-01 9.273288359370815970e-01 9.317594668784010548e-01 9.362371872767597525e-01 9.407458063628768574e-01 9.451056720034991532e-01 9.491589839105817328e-01 9.528920169285073349e-01
8.464512488380810940e-01 8.572635002408923732e-01 8.684306579303562312e-01 8.799273976742859604e-01 8.877258730784917118e-01 8.942089915909191555e-01 9.000816071516206662e-01 9.052845721659282807e-01 9.096107628326238759e-01 9.145245997276438832e-01 9.164239581270082757e-01 9.208762842275886040e-01 9.253811157212056271e-01 9.299225600540379499e-01 9.343290979784291128e-01 9.384328649765543151e-01 9.422202382911638585e-01
8.353692931881967487e-01 8.461603166004486587e-01 8.573030135202998059e-01 8.687725517322242297e-01 8.765425275996887589e-01 8.830003856045343102e-01 8.888529641801552472e-01 8.940408798044635619e-01 8.983563281636627318e-01 9.032674576320621762e-01 9.051676179380050424e-01 9.096365825669082694e-01 9.141633841841428909e-01 9.187324277932196193e-01 9.231801563412204148e-01 9.273291174464717290e-01 9.311657819364397293e-01
8.240266205424925383e-01 8.347877853762804001e-01 8.458973722609539614e-01 8.573310229941639715e-01 8.650664845981280715e-01 8.714938270367301731e-01 8.773215012212118857e-01 8.824897984238473381e-01 8.867904329180259504e-01 8.916941648958685018e-01 8.935925398786148666e-01 8.980732966007444196e-01 9.026171191031941987e-01 9.072087164358003664e-01 9.116923248418081771e-01 9.158813681068731505e-01 9.197624129080747002e-01
8.124518017726312102e-01 8.231748714788957866e-01 8.342431237968058744e-01 8.456326389959748502e-01 8.533278560453768646e-01 8.597198151587316373e-01 8.655179690679534188e-01 8.706623392333027178e-01 8.749443619696176677e-01 8.798362175701154309e-01 8.817303632085825571e-01 8.862182699512018980e-01 8.907743706604190903e-01 8.953836698769467306e-01 8.998980260045639223e-01 9.041221869087503471e-01 9.080428321326282637e-01
8.006721602252269143e-01 8.113494341989315739e-01 8.223685733803430820e-01 8.337061371864149528e-01 8.413557563231913727e-01 8.477077043356117114e-01 8.534720221312880328e-01 8.585884130576548756e-01 8.628482256233723779e-01 8.677239863163155320e-01 8.696116189237426131e-01 8.741022509918023875e-01 8.786660889126652885e-01 8.832884122377461233e-01 8.878285491060760037e-01 8.920830288898180527e-01 8.960386845447088078e-01
7.887141885657693585e-01 7.993382812292652018e-01 8.103009283009188213e-01 8.215791506102373409e-01 8.291781486688963865e-01 8.354857667516915054e-01 8.412121849347073965e-01 8.462967918090468222e-01 8.505309203353885739e-01 8.553867059332165290e-01 8.572656897554206124e-01 8.617548190802870600e-01 8.663220296653039165e-01 8.709529219324345650e-01 8.755140576935330765e-01 8.797942100387678988e-01 8.837802842009270243e-01
7.766031042157455211e-01 7.871670700348620819e-01 7.980662828219630134e-01 8.092781800780481927e-01 8.168218523944186238e-01 8.230810943797782775e-01 8.287657772324943384e-01 8.338150915160735810e-01 8.380206032120034454e-01 8.428524393806725579e-01 8.447207780429724089e-01 8.492043894339635912e-01 8.537708279769147257e-01 8.584059887478840967e-01 8.629835217574659545e-01 8.672848683906579925e-01 8.712970527297486667e-01
7.643590435330891442e-01 7.748603824822352104e-01 7.856895727884265490e-01 7.968284512735308578e-01 8.043125470557742629e-01 8.105196486473381645e-01 8.161591008670984193e-01 8.211697537450605155e-01 8.253436015522533920e-01 8.301480638233226239e-01 8.320039000473061774e-01 8.364781860790452273e-01 8.410398884018540633e-01 8.456752289117837051e-01 8.502648545589684970e-01 8.545829502401081079e-01 8.586170400591180973e-01
7.515462134635242375e-01 7.623638098181501066e-01 7.731900646562658297e-01 7.842544372993276447e-01 7.916746476770933905e-01 7.978261672183006858e-01 8.034171201436146603e-01 8.083860280362663575e-01 8.125254867217565069e-01 8.172992653622533910e-01 8.191409306981340954e-01 8.236022061074065315e-01 8.281554215217957760e-01 8.327870108268125016e-01 8.373842395397955718e-01 8.417151972692915596e-01 8.457671395509025469e-01
7.322745966487653746e-01 7.478841461959954140e-01 7.601167284452290396e-01 7.715051168009379179e-01 7.789189717009932235e-01 7.850228244404060529e-01 7.905636398968085565e-01 7.954880057800731707e-01 7.995905354586204661e-01 8.043305358255481430e-01 8.061563329480042617e-01 8.106012841971367289e-01 8.151425650792512023e-01 8.197665581929787226e-01 8.243674437067669558e-01 8.287070142998018696e-01 8.327729045301585087e-01
6.241632877766148946e-01 6.953128781279284132e-01 7.405259139139216407e-01 7.568687333750752089e-01 7.653486204065832466e-01 7.718242687385409306e-01 7.774983620438771226e-01 7.824524634539230528e-01 7.865446605746979625e-01 7.912611391551418460e-01 7.930716611559032181e-01 7.974989332462490976e-01 8.020247280446650695e-01 8.066378436582395395e-01 8.112383711785196017e-01 8.155830005000476168e-01 8.196590743686404945e-01
5.207005431856680522e-01 5.654351113859237277e-01 6.246706063175024859e-01 7.056795482744254722e-01 7.422337463739958618e-01 7.540654991837442145e-01 7.619461710007192634e-01 7.679693320539300316e-01 7.725905541371237417e-01 7.776733695565867244e-01 7.795694836538189509e-01 7.841489943821903230e-01 7.887520559918450580e-01 7.933974057095842802e-01 7.980128984513835677e-01 8.023646348608537426e-01 8.064486356207574147e-01
4.469616436065118048e-01 4.770213000777747125e-01 5.154245861873313350e-01 5.654057559537729594e-01 6.057482996356053917e-01 6.453786765945823678e-01 6.884603671436634320e-01 7.306574714808571347e-01 7.476351049993401610e-01 7.581039235255988551e-01 7.611967425780461483e-01 7.678199726484504772e-01 7.736689140128577558e-01 7.790839824622096677e-01 7.841656711438474980e-01 7.887799958278700618e-01 7.930123251649089378e-01
3.915964398610288777e-01 4.127331116373705866e-01 4.391345802246028884e-01 4.724277451645887971e-01 4.976398826000822950e-01 5.210801029176721499e-01 5.454200324286142543e-01 5.698449580087241451e-01 5.925779460098216100e-01 6.235261857883521719e-01 6.353069523531045260e-01 6.724565583340590402e-01 7.184433436012965801e-01 7.510057528200621002e-01 7.632140358403951552e-01 7.709455313769405516e-01 7.768779157968993543e-01
3.484100291147594342e-01 3.637597199974210715e-01 3.826681192680634891e-01 4.060303268658299602e-01 4.227756063889934190e-01 4.376424471181818432e-01 4.525759628413268953e-01 4.668906911123820724e-01 4.794922259924910279e-01 4.964439870275054179e-01 5.011951873776326893e-01 5.201950838774962449e-01 5.428942262816969233e-01 5.701430494943188210e-01 6.022923342222681331e-01 6.387005961341760685e-01 6.799827901226676019e-01
3.137271641414721146e-01 3.251380260106731535e-01 3.390874625636047801e-01 3.561006615411479448e-01 3.676822283866932328e-01 3.775300992956723278e-01 3.871560074095438675e-01 3.960010412872893570e-01 4.033630704702980130e-01 4.133269885730755377e-01 4.149086233961762349e-01 4.255445484929396560e-01 4.380838877438484325e-01 4.528259171733994837e-01 4.694784717495482651e-01 4.875370572709375461e-01 5.070167669956024969e-01
2.852246049694924235e-01 2.938527774503209011e-01 3.043730381633280579e-01 3.171054888195974919e-01 3.253386354827141336e-01 3.320357373970120873e-01 3.384203463578883686e-01 3.440303899788046960e-01 3.484000518493850507e-01 3.544566544325037927e-01 3.544387393943371212e-01 3.606413265705527005e-01 3.679714279293346268e-01 3.765462824170045519e-01 3.859397062990247984e-01 3.958695265476373515e-01 4.062735139006861673e-01
2.613602415978760751e-01 2.679633315772037006e-01 2.760270373985203030e-01 2.857558907967583939e-01 2.917151298253159442e-01 2.963307295712064304e-01 3.006201437466232695e-01 3.041936630794062624e-01 3.067344834291976796e-01 3.104330661446915718e-01 3.095535952125215706e-01 3.131840417279571076e-01 3.175546705981584505e-01 3.227112856794189244e-01 3.282158884557455081e-01 3.339418801263235870e-01 3.398268124838309534e-01
2.410689718845821505e-01 2.461624800961585147e-01 2.524185148504060061e-01 2.599695035928791809e-01 2.643287621174926771e-01 2.675149361279614557e-01 2.703914030863945883e-01 2.726229175135476135e-01 2.739906638535757333e-01 2.761871224245374679e-01 2.748284209848204651e-01 2.768705541975551854e-01 2.794384749464182138e-01 2.825463169159695975e-01 2.857777801453173505e-01 2.891057787336935858e-01 2.924787830694476898e-01
2.235908577631799676e-01 2.275365532135531776e-01 2.324315614809750463e-01 2.383624093718682835e-01 2.415636561239839220e-01 2.437382068696405946e-01 2.456303450607580374e-01 2.469467215310622021e-01 2.475351721005364936e-01 2.487360932754784926e-01 2.471102435682544229e-01 2.481269438101030012e-01 2.495407403125441681e-01 2.513510466320618142e-01 2.531712184111700736e-01 2.550369565817616757e-01 2.569071779719822590e-01
2.083687318485772655e-01 2.114272582725006122e-01 2.152780624459638137e-01 2.199776242136261550e-01 2.223215457782048987e-01 2.237630295998746799e-01 2.249519199194019992e-01 2.256278254610339651e-01 2.256851687106790072e-01 2.262066262664047256e-01 2.244372086905514485e-01 2.247702476477985434e-01 2.254182628436518510e-01 2.263730578657912884e-01 2.272781573235989339e-01 2.282090829632648643e-01 2.291328270397273714e-01
1.949845514148039471e-01 1.973477534082151152e-01 2.003847625939836341e-01 2.041317756832196351e-01 2.058291137794525660e-01 2.067292963034396414e-01 2.074057104885830283e-01 2.076244052110018945e-01 2.073132742498957903e-01 2.073609605001686396e-01 2.055225790557502763e-01 2.053892961784565541e-01 2.055155025271584168e-01 2.058894199372761913e-01 2.061823363135927289e-01 2.064949748166533539e-01 2.068003918412181508e-01
1.831103323205783007e-01 1.849248335006556943e-01 1.873220058229405072e-01 1.903229932882602726e-01 1.915255843605463693e-01 1.920200868328860722e-01 1.923172656600046770e-01 1.922048818224461053e-01 1.916351244979979385e-01 1.913472677172743386e-01 1.894852305087023070e-01 1.890282968822440401e-01 1.887922191980407061e-01 1.887630995353336005e-01 1.886370221165459271e-01 1.885305717801684933e-01 1.884213514766994169e-01
1.724686841648339353e-01 1.738429088541525447e-01 1.757300907833501125e-01 1.781421219413957258e-01 1.789626218889614484e-01 1.791491332023861793e-01 1.791614440576744238e-01 1.788044049746180808e-01 1.780479805096353008e-01 1.775165336587428977e-01 1.756509033341430992e-01 1.749628719809034338e-01 1.744678262826792614e-01 1.741510495123189672e-01 1.737292360231458832e-01 1.733293495804616446e-01 1.729322586773536508e-01
1.628707717387957166e-01 1.638860599975075494e-01 1.653580108172959251e-01 1.672918772999185955e-01 1.678096181255142316e-01 1.677572288649150090e-01 1.675511485187642924e-01 1.670107698638983174e-01 1.661196281236639039e-01 1.654094416536324719e-01 1.635589109971378186e-01 1.627048270388911644e-01 1.620224923528634509e-01 1.614966773650757526e-01 1.608625772917242347e-01 1.602535520486067788e-01 1.596527284165362159e-01
