1.091514565258045882e-01 1.016567580570603008e-01 9.559918080826397546e-02 9.087544511854230012e-02 8.306501406069821680e-02 7.848184821819667589e-02 7.132014017695861852e-02 6.658784305665321757e-02 6.418565629793065996e-02 6.034878947053258502e-02 5.929245959400718247e-02 5.407010673132059408e-02 4.940847366241279959e-02 -8.137616248551058362e-01 -9.169086020262835479e-01 -1.010527522531320610e+00 -1.091969492681906129e+00
1.514895126173449180e-01 1.410236618952419585e-01 1.324377663592217758e-01 1.256972973360924173e-01 1.150817648398798770e-01 1.086816329996813102e-01 9.929480979074289948e-02 9.280332665538329473e-02 8.918305992880186384e-02 8.376853658589723806e-02 8.198266736649581499e-02 7.474369875627054349e-02 6.834617052973267215e-02 6.273599837327392681e-02 5.723639784458475765e-02 -9.243184351800335374e-01 -1.008579800849180863e+00
2.035661488301617472e-01 1.895124555142483069e-01 1.780547323013708660e-01 1.690349623068777285e-01 1.553361902287088425e-01 1.465560875594101309e-01 1.342438225312764799e-01 1.253450484217656369e-01 1.200503023113009549e-01 1.127424778447014136e-01 1.099732354745431850e-01 1.005781547913924823e-01 9.221642302737870223e-02 8.478742398595762175e-02 7.755330519873786244e-02 7.168676986615826752e-02 6.670067135915111467e-02
2.662430146164445066e-01 2.477851578562060841e-01 2.326358078936420493e-01 2.206714164031292891e-01 2.034003622158390145e-01 1.918630401933072716e-01 1.766082459257117820e-01 1.649901458515490305e-01 1.575165165432404757e-01 1.478186288298466433e-01 1.436282639248030735e-01 1.315230899286914112e-01 1.208398371718482356e-01 1.114557250021073753e-01 1.024608492961856104e-01 9.502581311451881174e-02 8.854869341633217483e-02
3.382152909999752710e-01 3.148893026979149301e-01 2.957587566960281911e-01 2.805470567394672821e-01 2.594965367938572021e-01 2.446051229795689064e-01 2.259916237119425075e-01 2.111743262116888842e-01 2.009673858111565570e-01 1.886176273115761082e-01 1.826430786094348502e-01 1.677018168996975145e-01 1.544509186590675154e-01 1.427972364973573993e-01 1.325470170119418256e-01 1.226411559044638944e-01 1.145549838728380926e-01
4.183368554173200193e-01 3.896484016332485423e-01 3.659253339454341392e-01 3.471042255708874924e-01 3.222880678076711081e-01 3.037695161364653562e-01 2.819543054290828410e-01 2.635234477689757382e-01 2.500886003873465380e-01 2.346624944897540976e-01 2.263692209557892909e-01 2.083770196737171065e-01 1.924598709209808800e-01 1.784778799403079208e-01 1.654824380930701444e-01 1.545123806956892332e-01 1.446510391457145606e-01
5.042598851860720099e-01 4.699780123183540659e-01 4.415955159825143417e-01 4.188557296466678403e-01 3.904416874266247173e-01 3.679828431862021687e-01 3.431340595443834740e-01 3.208980189814283346e-01 3.036972121453106466e-01 2.849891187104329759e-01 2.739960987510924317e-01 2.528817085587707902e-01 2.342470030561608629e-01 2.178923992934758969e-01 2.029819180869984752e-01 1.902023619835744861e-01 1.784865161675865675e-01
5.930993166863917088e-01 5.532453497681018018e-01 5.201686706338795041e-01 4.935061628529375244e-01 4.619181642462087956e-01 4.354082434751376240e-01 4.079401035058898839e-01 3.818098341976015053e-01 3.604258070089315646e-01 3.383123239391768178e-01 3.241850409173291370e-01 3.000875629443535142e-01 2.788369193730821372e-01 2.602373111529374117e-01 2.435666847796207901e-01 2.290660142734729232e-01 2.154923667205347060e-01
6.816437190548738645e-01 6.366093282702820488e-01 5.990055460661477538e-01 5.685511739831966560e-01 5.344223534642709161e-01 5.039362132693188112e-01 4.744403721019054831e-01 4.445014025134901292e-01 4.186532372634660937e-01 3.931682745751705621e-01 3.755540706680001173e-01 3.487317013962095147e-01 3.251003307374757401e-01 3.044538546390106459e-01 2.863177309209018473e-01 2.702746841781805132e-01 2.549177215344490266e-01
7.666399056339031626e-01 7.170084861264093279e-01 6.753675832615301244e-01 6.414444665228968834e-01 6.055950429974956695e-01 5.713647757782415182e-01 5.405733831427363967e-01 5.070918623303168893e-01 4.766630106183620819e-01 4.479580103715244399e-01 4.266412392119307562e-01 3.974898064410584686e-01 3.718234844185560051e-01 3.494413252291369565e-01 3.302053688540667054e-01 3.128780541136210180e-01 2.958875572646154639e-01
8.451093534453708589e-01 7.917666151565344590e-01 7.467600795297696381e-01 7.098567656206500320e-01 6.731719449713319259e-01 6.356397820541875854e-01 6.043677210452003123e-01 5.677621956984719720e-01 5.328311415595031741e-01 5.012026222481569260e-01 4.760927249159456753e-01 4.451044435828799828e-01 4.178368664997201276e-01 3.941074305294477442e-01 3.741931699691986579e-01 3.558941704268307471e-01 3.374809294233753754e-01
9.147060152811546940e-01 8.586844686357765211e-01 8.111342395049901954e-01 7.718732207561739278e-01 7.352771809351551502e-01 6.950065827662920137e-01 6.640581383282559980e-01 6.249009837263579392e-01 5.857329195750755613e-01 5.515977734766702723e-01 5.227513495243690800e-01 4.904821240389097281e-01 4.621023006724827020e-01 4.374586312544462285e-01 4.172926281963282302e-01 3.983695794306653104e-01 3.788032062952204071e-01
9.738008214979980703e-01 9.162639614320398085e-01 8.670875143826808351e-01 8.261777837821639991e-01 7.905325276167061155e-01 7.481947341469538104e-01 7.183246832308026741e-01 6.772584079323360484e-01 6.342931428962038654e-01 5.981326347152078338e-01 5.657660346105146676e-01 5.327896326465539900e-01 5.038036538364251138e-01 4.786862828105380996e-01 4.586879398794055374e-01 4.394926946805234880e-01 4.190611446648699889e-01
1.021700906805793174e+00 9.637860322214772957e-01 9.139157064752180260e-01 8.720917794296334513e-01 8.381191346425735933e-01 7.944494518693137053e-01 7.662893735478831791e-01 7.240072313813651350e-01 6.778194876537492197e-01 6.401764422246178921e-01 6.046180134402585615e-01 5.714838119717035037e-01 5.423650312626339121e-01 5.172030861944375557e-01 4.977410129421567242e-01 4.786063814048734932e-01 4.576070983488208510e-01
1.058487831565269266e+00 1.001261947181128376e+00 9.515773285963208261e-01 9.095492795917490270e-01 8.778238664958453175e-01 8.335343498200159518e-01 8.075581516341620025e-01 7.647329999188362537e-01 7.160040051936428229e-01 6.774246866573147008e-01 6.391051279677659736e-01 6.063040689269335592e-01 5.774843139189395069e-01 5.526505824952079315e-01 5.340224915205327161e-01 5.152381027389366652e-01 4.939565556224814746e-01
1.084963581865233673e+00 1.029339328418209298e+00 9.806219741894672826e-01 9.390288707127776302e-01 9.099290331071214766e-01 8.656835324194219750e-01 8.421935501595083640e-01 7.994584453643744926e-01 7.489003093315763637e-01 7.099022863922290760e-01 6.693153594388164818e-01 6.372554000809597108e-01 6.090907653700954327e-01 5.848961578411387974e-01 5.673174735981684202e-01 5.491227341617641589e-01 5.278102685537356953e-01
1.102420949236707859e+00 1.049128958171163140e+00 1.002007041938034915e+00 9.613828702679318994e-01 9.351021633305934833e-01 8.914807524849838183e-01 8.706094750320860776e-01 8.285101921607609388e-01 7.768312688272608346e-01 7.378761682905131680e-01 6.955413416686436756e-01 6.645375960037276375e-01 6.373013142469776682e-01 6.139800574871729921e-01 5.975796916419341409e-01 5.801455319194444016e-01 5.590193716092975995e-01
1.112404606565924770e+00 1.061963374506078583e+00 1.016907592950131889e+00 9.776661623903717402e-01 9.542364198320527624e-01 9.117080726038853111e-01 8.934401885393548071e-01 8.524220137789396690e-01 8.002817332417125895e-01 7.617622466328068942e-01 7.181908526127709358e-01 6.884622929333398256e-01 6.623437404050795951e-01 6.400576957165506897e-01 6.248874416524756725e-01 6.083253052896283597e-01 5.875551472310511780e-01
1.116540984875208808e+00 1.069268353483292522e+00 1.026589795386664505e+00 9.890215660297588807e-01 9.683438799419238352e-01 9.272593692557895562e-01 9.114786282213372948e-01 8.718631497676990749e-01 8.198422536200484778e-01 7.820667696213267073e-01 7.377338586524232467e-01 7.094106824756830632e-01 6.845210205797908065e-01 6.633615861298240990e-01 6.494067794419713380e-01 6.337715132168268983e-01 6.134814427481219967e-01
1.116336764645452062e+00 1.072372863752071082e+00 1.032235069368757197e+00 9.965157936404156480e-01 9.783993140697960778e-01 9.389951547951932431e-01 9.254918632682316293e-01 8.875070165542408018e-01 8.360869470965049954e-01 7.992861734296899945e-01 7.546121844066800977e-01 7.277517860565679841e-01 7.041357578186596688e-01 6.841352849880737441e-01 6.713309824349382726e-01 6.566293828434827118e-01 6.369007994699072972e-01
1.113126780958121564e+00 1.072464638922817626e+00 1.034910076807974866e+00 1.001116029030936438e+00 9.853128636461843115e-01 9.477246734217312785e-01 9.362466367681918644e-01 9.000166768944946050e-01 8.495737085187493598e-01 8.139002882354932078e-01 7.692390794004646537e-01 7.438355907779685694e-01 7.214857428430392350e-01 7.026301798925503883e-01 6.908773174226919833e-01 6.770801210379643331e-01 6.579574105255157068e-01
1.107975663612446482e+00 1.070498260999979356e+00 1.035475495689361036e+00 1.003602103964273295e+00 9.898381320441019815e-01 9.541132428803225096e-01 9.443908462510207658e-01 9.099508401067759600e-01 8.607674621715193375e-01 8.263100597925681079e-01 7.819433445672199223e-01 7.579484273710743736e-01 7.368183098063645353e-01 7.190596282135243156e-01 7.082401196873889804e-01 6.952926128195403566e-01 6.767904602837774286e-01
1.101726487277822297e+00 1.067240840926583223e+00 1.034627554152877549e+00 1.004613527561417419e+00 9.926110192119846909e-01 9.587278262742670032e-01 9.504938839411808393e-01 9.178440535970915359e-01 8.700794314411202102e-01 8.368703491793132443e-01 7.930128851999083128e-01 7.703451922325565970e-01 7.503620518610131240e-01 7.336298867523065592e-01 7.236190000761977270e-01 7.114507675669997644e-01 6.935612658812251308e-01
1.095051512967049723e+00 1.063317050150387244e+00 1.032946897642228024e+00 1.004685816740438886e+00 9.941795233122715514e-01 9.620678425434485703e-01 9.550717214843641445e-01 9.241335886724235671e-01 8.778928650810908785e-01 8.459220371746143385e-01 8.027236855689158235e-01 7.812840572706594156e-01 7.623584792350444062e-01 7.465684040787088360e-01 7.372438918732621138e-01 7.257769825898527927e-01 7.084746255023601780e-01
1.088492027511815063e+00 1.059247537444716558e+00 1.030927743762960258e+00 1.004288369609445786e+00 9.950351463040948419e-01 9.645892507667819249e-01 9.586051814384335401e-01 9.292784376295061266e-01 8.845920647748113375e-01 8.538153240354757756e-01 8.113687482218279179e-01 7.910472737245136665e-01 7.730822418117323513e-01 7.581443940444538843e-01 7.493918721723049625e-01 7.385464148580430654e-01 7.217948911867443362e-01
1.082479268103089254e+00 1.055459664742929071e+00 1.028991780489800556e+00 1.003831249230252354e+00 9.956149714941365803e-01 9.667104850383432257e-01 9.615406660928031979e-01 9.337068043851216581e-01 8.905558250425867906e-01 8.609086976809540159e-01 8.192609124742634696e-01 7.999468933322623210e-01 7.828438706340010711e-01 7.686680366539382359e-01 7.603838955916329967e-01 7.500823437826522611e-01 7.338386973859163387e-01
1.077311141620296064e+00 1.052267236425757702e+00 1.027458287430975448e+00 1.003635279953067672e+00 9.962687446094377064e-01 9.687772239056726686e-01 9.642518222293381402e-01 9.377883401311658540e-01 8.961268074427873875e-01 8.675350610786340955e-01 8.267047324938956443e-01 8.082902511201948137e-01 7.919555090973078304e-01 7.784563555761073728e-01 7.705481590263608682e-01 7.607179889836039877e-01 7.449368280674577569e-01
1.073228163040124139e+00 1.049936901046366167e+00 1.026612067026295483e+00 1.003995611051583525e+00 9.973191562633632046e-01 9.711185117629719254e-01 9.670929056216706066e-01 9.418832173551404674e-01 9.016533919257592178e-01 8.740426448310019136e-01 8.340281539031547675e-01 8.164172549061828876e-01 8.007644864967830012e-01 7.878636421321667527e-01 7.802483078111404069e-01 7.708227177847573053e-01 7.554588622331281922e-01
1.070258770021806471e+00 1.048532086553003895e+00 1.026543551196420490e+00 1.005022345767602410e+00 9.989022886993395023e-01 9.738883946478009701e-01 9.702397325426845853e-01 9.461838835262119662e-01 9.073365422417964954e-01 8.806432592623160138e-01 8.414453927169450731e-01 8.245541740335752268e-01 8.095090783236039700e-01 7.971385015646115235e-01 7.897405371016259501e-01 7.806594139237744701e-01 7.656717507582940785e-01
1.068106859953536825e+00 1.047799725035517771e+00 1.027034798551053063e+00 1.006525684128372733e+00 1.000851764906887764e+00 9.769486754393691408e-01 9.735723232908536362e-01 9.505968495289620623e-01 9.131107134617185705e-01 8.872935729358327750e-01 8.489319984892587101e-01 8.326965822309330134e-01 8.182007507875129759e-01 8.063055570020967178e-01 7.990557278958446696e-01 7.902668361647626760e-01 7.756230363386310556e-01
1.066194490260302219e+00 1.047205967992837383e+00 1.027589859366625058e+00 1.008041459629733572e+00 1.002723696591247160e+00 9.798886066961712826e-01 9.766943988903000751e-01 9.547575289525703779e-01 9.186510744925130423e-01 8.936976420151317990e-01 8.562247991725464580e-01 8.406029820612109793e-01 8.266159034789272164e-01 8.151556926561083216e-01 8.079898472972285584e-01 7.994491341611622559e-01 7.851285614946077462e-01
1.063893333227951432e+00 1.046156749955199139e+00 1.027644930360545272e+00 1.009031686150336560e+00 1.003995438124126283e+00 9.822129377146335827e-01 9.791215278927809518e-01 9.582069871261802430e-01 9.235341279897841815e-01 8.994572878769794277e-01 8.629582180200937591e-01 8.479255742957371167e-01 8.344213705230600908e-01 8.233671750308004800e-01 8.162243842822647366e-01 8.078939889654428441e-01 7.938864426490883641e-01
1.061424380229754050e+00 1.044875681892525554e+00 1.027423391568936140e+00 1.009718379647400965e+00 1.004895095325914811e+00 9.841465769034448696e-01 9.810843645186259065e-01 9.611719722904309426e-01 9.279757504442047722e-01 9.047835387745343239e-01 8.693341639466212190e-01 8.548643747401559745e-01 8.418147759543891384e-01 8.311352049737905645e-01 8.239525656538053688e-01 8.157921948212637497e-01 8.020831196459922152e-01
1.059046556803060701e+00 1.043617609735286278e+00 1.027175079291407611e+00 1.010344675070267151e+00 1.005670842091827222e+00 9.859284931967650101e-01 9.828281670800248504e-01 9.638886008471601041e-01 9.321928941726235207e-01 9.098829000048629378e-01 8.755430398521719670e-01 8.616050034426406823e-01 8.489774596520398564e-01 8.386374189457126427e-01 8.313515403770703749e-01 8.233184406184724802e-01 8.098876540186809025e-01
1.056856654800190531e+00 1.042476640191942305e+00 1.026989609494699085e+00 1.010995279129126789e+00 1.006413340131955492e+00 9.876418054958643333e-01 9.844436386288534235e-01 9.664400506674237779e-01 9.362513606383829901e-01 9.148128457087958409e-01 8.816275807882359983e-01 8.681872634505736208e-01 8.559467915223688550e-01 8.459093468940129812e-01 8.384599180867488011e-01 8.305133211194727361e-01 8.173362696815561490e-01
1.054830915649308087e+00 1.041426778101607997e+00 1.026837508544973909e+00 1.011637031487872207e+00 1.007096032875114178e+00 9.892541388400643010e-01 9.859069705743893630e-01 9.687968307356261688e-01 9.401056921008480449e-01 9.195207534249337789e-01 8.875215444741837434e-01 8.745434137957978082e-01 8.626542939916851394e-01 8.528824563625341248e-01 8.452150716689944554e-01 8.373111548433582740e-01 8.243675072697073114e-01
1.052911772235582077e+00 1.040408860594306262e+00 1.026657230760733563e+00 1.012204930677983894e+00 1.007660652824906133e+00 9.907015925018537450e-01 9.871632457868643185e-01 9.708989603416260383e-01 9.436802903003295162e-01 9.239244440098670630e-01 8.931282453019496748e-01 8.805760565047074939e-01 8.690027869932372973e-01 8.594604445817011218e-01 8.515283324456257574e-01 8.436321778257752646e-01 8.308962847311419653e-01
1.051022526241673249e+00 1.039345662286250915e+00 1.026369774733137064e+00 1.012617187316539713e+00 1.008032285864416400e+00 9.919055607229511073e-01 9.881428428171057377e-01 9.726731291944799018e-01 9.468877839351028669e-01 9.279307417178772610e-01 8.983409026354219895e-01 8.861783082785190668e-01 8.748863089954642680e-01 8.655391507513270355e-01 8.573043403841690280e-01 8.493836530582932198e-01 8.368325058230169367e-01
1.049125639190079395e+00 1.038199877983263519e+00 1.025936590375254420e+00 1.012833634464685773e+00 1.008177261778888223e+00 9.928286574967274403e-01 9.888168146280043036e-01 9.740872877085067216e-01 9.496832255016184332e-01 9.314892098474025772e-01 9.030947834301226163e-01 8.912858099232592313e-01 8.802417440872014609e-01 8.710575304946165387e-01 8.624908907432384808e-01 8.545182003197014931e-01 8.421297696393347243e-01
1.047294482363784418e+00 1.037045011010151674e+00 1.025430325951983246e+00 1.012924492536060539e+00 1.008171451898127513e+00 9.935431810183055212e-01 9.892647665996635586e-01 9.752174281789418586e-01 9.521301963552771808e-01 9.346571249127012537e-01 9.074318697770172859e-01 8.959400354206917827e-01 8.851112925307261792e-01 8.760594289998090423e-01 8.671396455611914966e-01 8.590914421612640961e-01 8.468438185078162039e-01
1.045557636187609774e+00 1.035912089123115720e+00 1.024882865594050507e+00 1.012921524666319906e+00 1.008052104296273344e+00 9.940852012486597333e-01 9.895297095593211800e-01 9.761072215345714120e-01 9.542619793714433030e-01 9.374644829836890070e-01 9.113699779940602763e-01 9.001600739093240655e-01 8.895154639367545135e-01 8.805679506933278278e-01 8.712812545860286750e-01 8.631384329831073288e-01 8.510107949715967068e-01
1.043998303059787691e+00 1.034887399508249928e+00 1.024382145919500164e+00 1.012913172275455409e+00 1.007912259534067934e+00 9.945473589746389731e-01 9.897095142048812910e-01 9.768531444079752157e-01 9.561702098282498508e-01 9.399996747802099595e-01 9.149872952362366751e-01 9.040249542857982101e-01 8.935354078928993138e-01 8.846662187674906308e-01 8.750050800706545839e-01 8.667521588630007212e-01 8.547244141481885604e-01
1.042598581971368121e+00 1.033958714973295834e+00 1.023920390357695664e+00 1.012894654946620454e+00 1.007751607786820047e+00 9.949323788219405218e-01 9.898115625627325054e-01 9.774662139202801026e-01 9.578649231781083406e-01 9.422736434813497874e-01 9.182903640230009046e-01 9.075441489127320516e-01 8.971832599880545933e-01 8.883700509267064005e-01 8.783325559354797640e-01 8.699579771663955574e-01 8.580123124409858582e-01
1.041354385187751586e+00 1.033127915739075142e+00 1.023504233343807579e+00 1.012876277772339462e+00 1.007584043246106509e+00 9.952577270343369031e-01 9.898569444641169834e-01 9.779713389110492594e-01 9.593724780238380712e-01 9.443144671268687285e-01 9.213047942755580033e-01 9.107461727241242810e-01 9.004906908233812901e-01 8.917140702980882461e-01 8.813027322527778873e-01 8.727982909790323873e-01 8.609188054819336688e-01
1.040220496683740947e+00 1.032356273514324130e+00 1.023100384266350416e+00 1.012829063083426906e+00 1.007383961224655788e+00 9.955024791292381714e-01 9.898276221025366084e-01 9.783550713340619653e-01 9.606833219380040978e-01 9.461154985468428480e-01 9.240242033743314432e-01 9.136280874970598154e-01 9.034579746964346292e-01 8.947019099588915392e-01 8.839231013625979960e-01 8.752837103574472311e-01 8.634570677941173500e-01
1.039178584694868901e+00 1.031631556668598959e+00 1.022701778697234776e+00 1.012750086492607116e+00 1.007151041360505594e+00 9.956707430280318238e-01 9.897299419100018536e-01 9.786283173893001175e-01 9.618125449111329939e-01 9.476948284112232113e-01 9.264674775097014869e-01 9.162118477934437788e-01 9.061108227572473028e-01 8.973612570556632750e-01 8.862241221131204050e-01 8.774472374935307073e-01 8.656620412803874842e-01
1.038205885397380124e+00 1.030936972250692252e+00 1.022296775666446056e+00 1.012631929548275522e+00 1.006880087146987623e+00 9.957619659509269194e-01 9.895649070412732007e-01 9.787966951690472150e-01 9.627709179553832763e-01 9.490666171742695445e-01 9.286508488458795618e-01 9.185166982992734042e-01 9.084688611297982996e-01 8.997167039745065376e-01 8.882324867353577069e-01 8.793175699476505347e-01 8.675644215238246248e-01
1.037394859950574899e+00 1.030369597074322741e+00 1.021986272397255480e+00 1.012578446576914315e+00 1.006675919441630596e+00 9.958842390557988145e-01 9.894409147064624488e-01 9.789718373288424091e-01 9.636738058107411353e-01 9.503482036201552630e-01 9.306921827130056890e-01 9.206621761816229377e-01 9.106553515921389508e-01 9.018904464366939155e-01 8.900704808398980372e-01 8.810177070588525172e-01 8.692875733126891324e-01
1.036585459483979621e+00 1.029776360252648626e+00 1.021623538556436062e+00 1.012448570357020516e+00 1.006399776003812141e+00 9.959051669084105773e-01 9.892268275754164675e-01 9.790290801987142633e-01 9.644052258000199718e-01 9.514294427314502478e-01 9.324880991706915312e-01 9.225491256118306671e-01 9.125741347559240824e-01 9.037904919073251886e-01 8.916483506111371193e-01 8.824603843649446722e-01 8.707475163932877349e-01
1.035820214993685040e+00 1.029204220051932017e+00 1.021259410260829004e+00 1.012296362670598748e+00 1.006106364982624291e+00 9.958831742701892420e-01 9.889816121822186945e-01 9.790303332974504835e-01 9.650322070655031892e-01 9.523802714010974890e-01 9.341113275924366466e-01 9.242521846429720966e-01 9.143014103911156765e-01 9.054942133237255941e-01 8.930430767148925808e-01 8.837229777932883446e-01 8.720223285798662793e-01
1.035113578399415424e+00 1.028672152637936099e+00 1.020916905512398776e+00 1.012148286805365283e+00 1.005822741176177981e+00 9.958492389461052197e-01 9.887353135528919035e-01 9.790101125310689545e-01 9.655951458869844739e-01 9.532442860323185885e-01 9.356093719878761927e-01 9.258208505873697369e-01 9.158881845909300212e-01 9.070539879073167278e-01 8.943064732760014346e-01 8.848577175872888168e-01 8.731645806606928018e-01
1.034450494743060389e+00 1.028169609194457434e+00 1.020589614411933521e+00 1.012001431795767958e+00 1.005546565139104453e+00 9.958051095551478937e-01 9.884896673384589993e-01 9.789738617980278113e-01 9.661057277672745469e-01 9.540369765448665218e-01 9.370024397110027214e-01 9.272775307833865943e-01 9.173586207379307300e-01 9.084953131329444043e-01 8.954635223332002569e-01 8.858899868536300737e-01 8.742025724632394024e-01
1.033793402983275156e+00 1.027663462387639060e+00 1.020248398497884956e+00 1.011830044813267993e+00 1.005252950499301523e+00 9.957300924708573087e-01 9.882237105631065388e-01 9.789046527184780411e-01 9.665535764514536776e-01 9.547517996640231264e-01 9.382893452991805106e-01 9.286232612415560306e-01 9.187155367156698560e-01 9.098223980362784014e-01 8.965179377769340041e-01 8.868239422885405565e-01 8.751399272821374087e-01
1.033081762889487276e+00 1.027097436001404684e+00 1.019841034760031073e+00 1.011586412529760226e+00 1.004893900912003479e+00 9.955803965228440244e-01 9.878934983335518893e-01 9.787625721575937687e-01 9.669054537630838997e-01 9.553596112327504830e-01 9.394466789142380536e-01 9.298370036957732676e-01 9.199397618168161372e-01 9.110175277869577704e-01 8.974515906554914046e-01 8.876420093454355786e-01 8.759611223713230643e-01
1.032476683205064472e+00 1.026634895403939929e+00 1.019532694348709745e+00 1.011436138561019771e+00 1.004634828874000796e+00 9.955230627142628297e-01 9.876640954041235876e-01 9.787141743159660789e-01 9.673313319885469275e-01 9.560314011227557529e-01 9.406475021802866987e-01 9.310917453390279430e-01 9.212037468174200106e-01 9.122524035223916750e-01 8.984327866515280370e-01 8.885107634280130506e-01 8.768314911756841523e-01
1.031810832756898000e+00 1.026113250998376358e+00 1.019165414478821807e+00 1.011225979398779451e+00 1.004323318662383668e+00 9.954107738348466627e-01 9.873885918665294970e-01 9.786174187061329466e-01 9.676971986031589479e-01 9.566387941342872070e-01 9.417709134066603038e-01 9.322697713167111822e-01 9.223924875283229241e-01 9.134141954540848651e-01 8.993493035729750451e-01 8.893192433666835539e-01 8.776425382560815169e-01
1.031148578160284712e+00 1.025599507577229508e+00 1.018808592530515034e+00 1.011027351586723855e+00 1.004030196980503886e+00 9.953167714741859573e-01 9.871388308568334047e-01 9.785464034859842064e-01 9.680817582738644456e-01 9.572624136509840787e-01 9.429017553788898720e-01 9.334566272381746854e-01 9.235917407373470667e-01 9.145885738765340278e-01 9.002843205917342440e-01 8.901495844696314386e-01 8.784761647654227845e-01
1.030518032926171612e+00 1.025124690227407598e+00 1.018495928227613812e+00 1.010876318403556740e+00 1.003791077401326781e+00 9.952794896203744912e-01 9.869519790014662508e-01 9.785409053531939350e-01 9.685300825763871746e-01 9.579502314902379467e-01 9.440926486409266793e-01 9.347059746101582522e-01 9.248557036929070385e-01 9.158298599852323640e-01 9.012898671188033228e-01 8.910529796371375877e-01 8.793836478431036330e-01
1.029833751366696415e+00 1.024606863207959906e+00 1.018148887858615126e+00 1.010697667055239002e+00 1.003531035870258714e+00 9.952278325424483985e-01 9.867565206856093729e-01 9.785330029126059204e-01 9.689808038982083982e-01 9.586449020980318814e-01 9.452928171625347709e-01 9.359690856573479323e-01 9.261372036068874491e-01 9.170919606643873623e-01 9.023190160698021378e-01 8.919826849743536235e-01 8.803195608620276724e-01
1.029084804160365740e+00 1.024037943082082736e+00 1.017762133618388187e+00 1.010488486771666583e+00 1.003246886474752797e+00 9.951615446087096473e-01 9.865511652620233551e-01 9.785241474354462454e-01 9.694406477605699290e-01 9.593564132790631804e-01 9.465176501769638762e-01 9.372625577458210122e-01 9.274535510114398917e-01 9.183925007203982416e-01 9.033874534553736346e-01 8.929537908426294912e-01 8.812994148010507844e-01
1.028256550259020186e+00 1.023406015979065442e+00 1.017326347346233728e+00 1.010241906235521903e+00 1.002931446385549208e+00 9.950763311506252151e-01 9.863305676741627170e-01 9.785116237098626657e-01 9.699129333081398796e-01 9.600905633606221512e-01 9.477783890246190834e-01 9.385988120374455512e-01 9.288178681569795314e-01 9.197448608888800781e-01 9.045066041320326544e-01 8.939770966784863493e-01 8.823343961154833659e-01
1.027334349407717839e+00 1.022699054464531132e+00 1.016832027050723841e+00 1.009950777566081204e+00 1.002577213903278697e+00 9.949674762685468687e-01 9.860889367493331781e-01 9.784922732711313076e-01 9.703992044836620146e-01 9.608524602658333746e-01 9.490856129482552195e-01 9.399895724265356911e-01 9.302424725205307166e-01 9.211615526696563805e-01 9.056869316047937435e-01 8.950623212476918056e-01 8.834346302598532485e-01
1.026305369521685940e+00 1.021906722946249069e+00 1.016271255647695382e+00 1.009609458101762502e+00 1.002178105957698628e+00 9.948316138358626048e-01 9.858217637619564044e-01 9.784639981165373923e-01 9.709028931866762191e-01 9.616482959653295248e-01 9.504510499730371986e-01 9.414475694159776253e-01 9.317406273551303020e-01 9.226559268668462765e-01 9.069396137641944078e-01 8.962199074902111873e-01 8.846107900894757403e-01
1.025160080406733787e+00 1.021021882275348291e+00 1.015639215918057614e+00 1.009215306959801106e+00 1.001731013637629841e+00 9.946682337919863226e-01 9.855273205567971484e-01 9.784274730588443658e-01 9.714298627042480261e-01 9.624867944816725140e-01 9.518890023291164404e-01 9.429880623629157688e-01 9.333279925778749098e-01 9.242436423689099900e-01 9.082779843099609840e-01 8.974622707199882976e-01 8.858755198793929475e-01
1.023880484036009619e+00 1.020028831709961281e+00 1.014922461699259593e+00 1.008757065248067075e+00 1.001224162854591260e+00 9.944681639838461873e-01 9.851952665956859034e-01 9.783746798495085439e-01 9.719772848025869383e-01 9.633680551887003896e-01 9.534052719089478600e-01 9.446177585006486632e-01 9.350117147062348977e-01 9.259318237415544717e-01 9.097068776219741082e-01 8.987933857200834931e-01 8.872330413545419514e-01
1.022453282337371538e+00 1.018916430521911609e+00 1.014112034184331712e+00 1.008227794335428751e+00 1.000650027459819569e+00 9.942266465078791748e-01 9.848192119582258597e-01 9.783015023849802594e-01 9.725461658921481511e-01 9.642959021180804724e-01 9.550093951344208465e-01 9.463470467254018192e-01 9.368024782065489386e-01 9.277310139476038220e-01 9.112343628735938283e-01 9.002203164500743870e-01 8.886905698952013433e-01
1.020876341965337275e+00 1.017684596994487878e+00 1.013210278398676278e+00 1.007631391137502330e+00 1.000011768629976538e+00 9.939482952143195993e-01 9.844032652959001650e-01 9.782141180880569165e-01 9.731477420981371473e-01 9.652843083428537252e-01 9.567211247996300072e-01 9.481963375124405902e-01 9.387208167359770705e-01 9.296614240770886273e-01 9.128778548822819028e-01 9.017592761900241616e-01 8.902642950663796073e-01
1.019148956231119785e+00 1.016334570647003277e+00 1.012219090963385026e+00 1.006972956741126524e+00 9.993136681555888634e-01 9.936406051562627351e-01 9.839524742386339673e-01 9.781196105338330060e-01 9.737941549452060475e-01 9.663481599593305438e-01 9.585612768082907298e-01 9.501870398827318986e-01 9.407881625708419682e-01 9.317440527662003147e-01 9.146553810395380291e-01 9.034270138324229649e-01 8.919708380143047677e-01
1.017271975509099757e+00 1.014869056668370240e+00 1.011144373874377278e+00 1.006258926603130766e+00 9.985612442067077765e-01 9.933110435396971249e-01 9.834729654087926987e-01 9.780260849931701195e-01 9.744986357738127936e-01 9.675033876456562432e-01 9.605519078691695523e-01 9.523417026172115163e-01 9.430269910609602180e-01 9.340008329057589709e-01 9.165856869103458093e-01 9.052408046646123196e-01 8.938273400452397821e-01
1.015250122288036794e+00 1.013294520470621851e+00 1.009993961292569020e+00 1.005499349962800881e+00 9.977635210360026319e-01 9.929708320336007032e-01 9.829741743917232988e-01 9.779448926903828720e-01 9.752776673440545219e-01 9.687692293110231612e-01 9.627185700150510117e-01 9.546863021186206000e-01 9.454630623015238822e-01 9.364568053695131455e-01 9.186903789753908534e-01 9.072206732207522828e-01 8.958535315714099001e-01
1.013583459082369798e+00 1.012111141744252985e+00 1.009267442128094272e+00 1.005192608295983225e+00 9.974147999405811316e-01 9.931130651143111887e-01 9.829437223317140093e-01 9.783621231361731008e-01 9.766184735837032393e-01 9.706310645176001728e-01 9.655467785784728196e-01 9.577026202878119454e-01 9.485735817984338736e-01 9.395844628208870342e-01 9.214315839589690693e-01 9.098224002941134314e-01 8.984995063742049481e-01
1.014116716299177545e+00 1.013125114694571671e+00 1.010732403628646248e+00 1.007068619452792912e+00 9.992332933351757429e-01 9.954129234603877885e-01 9.850502661126311343e-01 9.809059764314695951e-01 9.800809106098405943e-01 9.746013686025936096e-01 9.704734012841680357e-01 9.627999261120594454e-01 9.537445673534322710e-01 9.447521837324028837e-01 9.261724871590995001e-01 9.143981842063437782e-01 9.030944464810913841e-01
1.013963820233270363e+00 1.013438408934772772e+00 1.011485320036937585e+00 1.008224418294085822e+00 1.000332066552263477e+00 9.969839279487074934e-01 9.864324479786520383e-01 9.827167678943873330e-01 9.827964469142318471e-01 9.778196172640621908e-01 9.746445230396116877e-01 9.671395535741103000e-01 9.581575264310041584e-01 9.491621354958800216e-01 9.301655328397341327e-01 9.182307925952882810e-01 9.069501778480179022e-01
1.012740618016150229e+00 1.012667136254906453e+00 1.011143118187575629e+00 1.008278292568306478e+00 1.000332156786187365e+00 9.974485381606921219e-01 9.867163889538430599e-01 9.834221586174620722e-01 9.843933337287295027e-01 9.799162434609871575e-01 9.776926879872047671e-01 9.703568648733847946e-01 9.614511104397041041e-01 9.524561474083700352e-01 9.330592326923745627e-01 9.209729440545501022e-01 9.097236534756891757e-01
1.010470772794520578e+00 1.010833902795173156e+00 1.009727300040077491e+00 1.007250618241340101e+00 9.992542015404154432e-01 9.968261001624542095e-01 9.859221305000647195e-01 9.830409796808304845e-01 9.848875233313902910e-01 9.809055595844546893e-01 9.796288316420117548e-01 9.724622959951728651e-01 9.636355220189628534e-01 9.546444817278142425e-01 9.348650796159432286e-01 9.226366523544036191e-01 9.114266591296078523e-01
1.007181121208500674e+00 1.007964606585364686e+00 1.007262771281332014e+00 1.005165293535438709e+00 9.971224808985406085e-01 9.951395884414212523e-01 9.840732711440245417e-01 9.815957040822942403e-01 9.842988054077497218e-01 9.808058125632123092e-01 9.804679530523616737e-01 9.734703830929377633e-01 9.647251031021114587e-01 9.557415029836823228e-01 9.355985854507254951e-01 9.232378670580654312e-01 9.120749438251023467e-01
1.002901451839054214e+00 1.004088238728185090e+00 1.003777614002987040e+00 1.002049461871385549e+00 9.939644311351513162e-01 9.924153169735215885e-01 9.811966852737040723e-01 9.791122031718714203e-01 9.826505762766714058e-01 9.796389207451591252e-01 9.802288844751525509e-01 9.733995193697831949e-01 9.647380425362940271e-01 9.557654381729087101e-01 9.352790323639352810e-01 9.227962728856248242e-01 9.116879780460772631e-01
9.976641595067838875e-01 9.992365091636702390e-01 9.993028034552757788e-01 9.979332162507975612e-01 9.898104202391679873e-01 9.886826115843313501e-01 9.773222402992532976e-01 9.756194273453941967e-01 9.799694761540838073e-01 9.774301935041209699e-01 9.789339896857421897e-01 9.722716842545461313e-01 9.636961415241487305e-01 9.547381291331568098e-01 9.339292048466119045e-01 9.213350138487818031e-01 9.102886725016574587e-01
9.915039977157552586e-01 9.934436034323635978e-01 9.938718145890683697e-01 9.928493268463600696e-01 9.846934740177830658e-01 9.839735808629832547e-01 9.724825005416933843e-01 9.711491280195809761e-01 9.762851857394663213e-01 9.742080474013271596e-01 9.766089303742648831e-01 9.701121749246327530e-01 9.616245298436857381e-01 9.526847352897335197e-01 9.315751089279299402e-01 9.188804135761353686e-01 9.079031126216051684e-01
9.844577553786416635e-01 9.867458851630471761e-01 9.875204545090908725e-01 9.868329302700331596e-01 9.786489679994831992e-01 9.783227910983158804e-01 9.667124262770908638e-01 9.657355521600028414e-01 9.716300836222310222e-01 9.700037234544337528e-01 9.732823680151720946e-01 9.669493265380452174e-01 9.585513869382596974e-01 9.496334738785422447e-01 9.282457027381326720e-01 9.154616823800105774e-01 9.045602695842530627e-01
9.765640337129323223e-01 9.791816013270010499e-01 9.802865134705111005e-01 9.799212511267150205e-01 9.717143308530489243e-01 9.717669664062386081e-01 9.600490875323864914e-01 9.594151677101910858e-01 9.660389797387377575e-01 9.648509766485244832e-01 9.689856734557157347e-01 9.628142178624952141e-01 9.545076452473891804e-01 9.456153048461043431e-01 9.239725286652966663e-01 9.111106322074044028e-01 9.002916691765392443e-01
9.678629021531610643e-01 9.707906114658504393e-01 9.722094829239392721e-01 9.721532991944999980e-01 9.639287640247748978e-01 9.643447067764664427e-01 9.525313602673241009e-01 9.522263266764646739e-01 9.595487779229309178e-01 9.587857929524653544e-01 9.637526384693825277e-01 9.577403806491252558e-01 9.495267097844880544e-01 9.406636578567942886e-01 9.187895747749840192e-01 9.058613722715717076e-01 8.951311847489129558e-01
9.583956634846627631e-01 9.616140808019033592e-01 9.633302706395449055e-01 9.635695963141946985e-01 9.553329408734189121e-01 9.560961925130042616e-01 9.441996451299279336e-01 9.442090119393419245e-01 9.521982241656775647e-01 9.518460875869555471e-01 9.576191874567293594e-01 9.517635116491923730e-01 9.436441510172707270e-01 9.348141235103799573e-01 9.127328228691182765e-01 8.997500332121042277e-01 8.891146683124830918e-01
9.482045691861373804e-01 9.516942414533023920e-01 9.536909326897161643e-01 9.542118898576411601e-01 9.459687429524725744e-01 9.470629104590221337e-01 9.350955859656064906e-01 9.354045380359261586e-01 9.440275966370536009e-01 9.440714196976636163e-01 9.506230914631653706e-01 9.449211835552842054e-01 9.368974320984497783e-01 9.281041769211364478e-01 9.058400470904323099e-01 8.928144648979687847e-01 8.822797008372389449e-01
9.373325945875975451e-01 9.410741305317694705e-01 9.433344095100293369e-01 9.441228930009281095e-01 9.358789814020036513e-01 9.372873733908485550e-01 9.252617989698010970e-01 9.258552783071761771e-01 9.350784317460343331e-01 9.355027094588637127e-01 9.428036809478339553e-01 9.372525586689243182e-01 9.293256127904254704e-01 9.205728911231847444e-01 8.981505078245919371e-01 8.850939608496551925e-01 8.746652892760433673e-01
9.258231508894192441e-01 9.297973161235650874e-01 9.323042626769614261e-01 9.333460167817206887e-01 9.251071441957541275e-01 9.268128647111190110e-01 9.147416106472167074e-01 9.156043990202010763e-01 9.253932530812164492e-01 9.261819664762214188e-01 9.342015773885854468e-01 9.287981197327090932e-01 9.209690798493340713e-01 9.122606421928765030e-01 8.897046772704279016e-01 8.766289832836084983e-01 8.663116240375468013e-01
9.137198979179849134e-01 9.179076747922501056e-01 9.206444455121164383e-01 9.219251330439223180e-01 9.136971535935557442e-01 9.156831853134852484e-01 9.035788057756589664e-01 9.046956071749829853e-01 9.150153121946966728e-01 9.161520243850337364e-01 9.248584223489645373e-01 9.195993920462312010e-01 9.118692721076573360e-01 9.032088651450872474e-01 8.805439668473262760e-01 8.674609016603433975e-01 8.572597778673454183e-01
9.010665051728254937e-01 9.054491803322941568e-01 9.083990608994065852e-01 9.099043353041136317e-01 9.016931243073751379e-01 9.039424137558631500e-01 8.918174077600884431e-01 8.931729141363929925e-01 9.039883346827983779e-01 9.054562874470877265e-01 9.148166245787991979e-01 9.096986974582447205e-01 9.020684295340742898e-01 8.934597777668898955e-01 8.707105133796704255e-01 8.576317346316113532e-01 8.475514972198130437e-01
8.879064591667522599e-01 8.924656760356687313e-01 8.956121658281062103e-01 8.973277317154410015e-01 8.891391563510797624e-01 8.916346890377860879e-01 8.795014409318616666e-01 8.810804078597985756e-01 8.923562947426459946e-01 8.941384852676297346e-01 9.041191160695155604e-01 8.991389006623399238e-01 8.916093400875715336e-01 8.830561437309997208e-01 8.602468741007539554e-01 8.471839163320398214e-01 8.372289257710494592e-01
8.742828723866158391e-01 8.790006951708791982e-01 8.823275491957155436e-01 8.842392239277160337e-01 8.760791484588121847e-01 8.788040008924655755e-01 8.666747336830841197e-01 8.684620397556556126e-01 8.801631915105360138e-01 8.822425087418244161e-01 8.928091206074737496e-01 8.879631780857675238e-01 8.805351196160050575e-01 8.720410326420715563e-01 8.491958460651548579e-01 8.361600637314327011e-01 8.263343974343965170e-01
8.602382988883459092e-01 8.650972713070714804e-01 8.685885735770518812e-01 8.706823308898117286e-01 8.625564948283779287e-01 8.654939916414032819e-01 8.533807258294198173e-01 8.553614330922456599e-01 8.674528392873799287e-01 8.698120686635647525e-01 8.809299365738509913e-01 8.762148070658165588e-01 8.688889539581255983e-01 8.604576049172354413e-01 8.376002246607370250e-01 8.246027689399280103e-01 8.149102198666482444e-01
8.458146137877596837e-01 8.507977827340759136e-01 8.544379647724398286e-01 8.567000121293499859e-01 8.486141511040743435e-01 8.517477827826580583e-01 8.396622929082676601e-01 8.418217041298325931e-01 8.542686850529327414e-01 8.568906355306050715e-01 8.685247362490001732e-01 8.639369438199751006e-01 8.567139628198028323e-01 8.483489048833507962e-01 8.255026236098476078e-01 8.125543978479619067e-01 8.029984779205361356e-01
8.310528293232408714e-01 8.361438072373132968e-01 8.399177249591046612e-01 8.423345081820802216e-01 8.342942362128932254e-01 8.376078110104399066e-01 8.255616052677121619e-01 8.278852921750049498e-01 8.406536261144424982e-01 8.435211884487824330e-01 8.556363674341652681e-01 8.511724570385834632e-01 8.440529396209838220e-01 8.357576679096698768e-01 8.129452733118683883e-01 8.000569107222829102e-01 7.906408516873759673e-01
8.159929938377324943e-01 8.211759750638862876e-01 8.250689271519408008e-01 8.276272006162195272e-01 8.196380132419931464e-01 8.231156858946978572e-01 8.111199371198823949e-01 8.135938161183219330e-01 8.266498548904923638e-01 8.297460695255253205e-01 8.423072064726320196e-01 8.379637281654015446e-01 8.309482131638037394e-01 8.227261491014445927e-01 7.999698606089042929e-01 7.871516917618345266e-01 7.778784503999260913e-01
8.006740572958398472e-01 8.059338709905529141e-01 8.099316286258002595e-01 8.126184663405753295e-01 8.046857371224046540e-01 8.083120437976527572e-01 7.963775887565953671e-01 7.989879379590446584e-01 8.122987152156904145e-01 8.156068284427753223e-01 8.285789686672013765e-01 8.243525095890521515e-01 8.174414777736935811e-01 8.092959558452029745e-01 7.866173737561259482e-01 7.738794003815606670e-01 7.647516594747547636e-01
7.851338092256971990e-01 7.904559015692023127e-01 7.945447528118863012e-01 7.973476326776571810e-01 7.894765431820743862e-01 7.932364529688035182e-01 7.813737544357074460e-01 7.841072457543896146e-01 7.976405701270411486e-01 8.011440946296821686e-01 8.144925437399429535e-01 8.103797690090963624e-01 8.035736457922498799e-01 7.955079142275137682e-01 7.729279503561239384e-01 7.602798276147509915e-01 7.512999949395353649e-01
7.694087565154568154e-01 7.747792327168969706e-01 7.789459962336968690e-01 7.818527521763644073e-01 7.740483536955720112e-01 7.779272916275595806e-01 7.661464168065132974e-01 7.689901524728549598e-01 7.827146932396669143e-01 7.863974538233013956e-01 8.000879708972218340e-01 7.960855655921470486e-01 7.893847227068150341e-01 7.814019277102360883e-01 7.589407795006822832e-01 7.463917953169854069e-01 7.375620400682696420e-01
7.535340708922999564e-01 7.589397344213802965e-01 7.631717494307600491e-01 7.661706409984034849e-01 7.584377906356252197e-01 7.624216736407992689e-01 7.507322670333640424e-01 7.536738024788841583e-01 7.675591648900100816e-01 7.714053454986486980e-01 7.854042032865699019e-01 7.815089312367138330e-01 7.749136862469403475e-01 7.670168652261569742e-01 7.446939646585375439e-01 7.322530111799728791e-01 7.235752195441286228e-01
7.375435276353053959e-01 7.429718318469564764e-01 7.472570250617660559e-01 7.503367490088327374e-01 7.426801075886557690e-01 7.467553648595731675e-01 7.351666399839819066e-01 7.381940002656439681e-01 7.522107891910767563e-01 7.562049728739574928e-01 7.704790722669307979e-01 7.666877685009386711e-01 7.601983857082124096e-01 7.523904629158203461e-01 7.302244410673117692e-01 7.179000113369274905e-01 7.093758254113774475e-01
7.214694577854869895e-01 7.269085441540362735e-01 7.312354100931213186e-01 7.343851099568042828e-01 7.268091334907439416e-01 7.309627269007652473e-01 7.194834473796974939e-01 7.225851438351322820e-01 7.367050215101459409e-01 7.408322234692331643e-01 7.553491908598091165e-01 7.516587643076027003e-01 7.452754554006376653e-01 7.375592329019037274e-01 7.155678938706188097e-01 7.033680643793291942e-01 6.949988799420557806e-01
7.053427129782421368e-01 7.107814055080858839e-01 7.151390048537489275e-01 7.183482968263665835e-01 7.108572253355177617e-01 7.150766670065077379e-01 7.037151253221498592e-01 7.068801804991885485e-01 7.210759032858349293e-01 7.253216090620085987e-01 7.400498607513119609e-01 7.364573156097186102e-01 7.301802382388246082e-01 7.225583899842753510e-01 7.007586844718572960e-01 6.886911062572558251e-01 6.804780811121790007e-01
6.891926379486476018e-01 6.946204415199566107e-01 6.989984262884459953e-01 7.022573848086192116e-01 6.948552374726918446e-01 6.991285998685180525e-01 6.878926260912123780e-01 6.911105605493974569e-01 7.053560394688620505e-01 7.097062107639091622e-01 7.246150505522245266e-01 7.211174643508551085e-01 7.149467226597663316e-01 7.074217911458439145e-01 6.858297976554220687e-01 6.739016888916649073e-01 6.658457466423955973e-01
6.730470604376411758e-01 6.784541493745882557e-01 6.828427478237388826e-01 6.861419303706718376e-01 6.788324949602780878e-01 6.831484185516670804e-01 6.720453656360425576e-01 6.753062175794871669e-01 6.895765181421471546e-01 6.940176398470817576e-01 7.090773051915191250e-01 7.056718499030425473e-01 6.996074944809898000e-01 6.921818845522632602e-01 6.708127962285638235e-01 6.590309339300705060e-01 6.511327743887880271e-01
6.569322762586347064e-01 6.623094901190238470e-01 6.666995132490584064e-01 6.700299510103598921e-01 6.628167812902149292e-01 6.671644810384860236e-01 6.562012222699963315e-01 6.594955433968292535e-01 6.737669312606704430e-01 6.782860086341057082e-01 6.934677322917272013e-01 6.901516697514874510e-01 6.841936965421400174e-01 6.768696702209082705e-01 6.557377840548945791e-01 6.441085033282077932e-01 6.363686088006612618e-01
6.408730580587437275e-01 6.462118874420889059e-01 6.505947045067429491e-01 6.539479207138325645e-01 6.468343343962569270e-01 6.512035983786608195e-01 6.403865140285263102e-01 6.437053861423546186e-01 6.579553152618397016e-01 6.625399102207931712e-01 6.778159654291688874e-01 6.745866500897895746e-01 6.687350003736982629e-01 6.615146743557153153e-01 6.406333860926612944e-01 6.291625780073183405e-01 6.215812188695933882e-01
6.248926619339418842e-01 6.301852348687950744e-01 6.345527910465922350e-01 6.379207750978090896e-01 6.309098485294155623e-01 6.352910385531113091e-01 6.246260413712786397e-01 6.279610460393997284e-01 6.421681967453192197e-01 6.468064085513187678e-01 6.621501444785383717e-01 6.590050260737929655e-01 6.532595857442089482e-01 6.461449250514761378e-01 6.255267340927175290e-01 6.142198449615439149e-01 6.067970920291546610e-01
6.090128460681029088e-01 6.142519098426592050e-01 6.185967001985732683e-01 6.219719177975367996e-01 6.150664877290050736e-01 6.194505335610412944e-01 6.089430537196195425e-01 6.122862865420433121e-01 6.264305461896367833e-01 6.311110379585100905e-01 6.464969166265667200e-01 6.434335322973971927e-01 6.377941326032581237e-01 6.307869571589120872e-01 6.104434564180110101e-01 5.993054926770173818e-01 5.920412198428862682e-01
5.932538840455190421e-01 5.984327917147985731e-01 6.027478538033331779e-01 6.061232390352230270e-01 5.993258995246867338e-01 6.037042934407240713e-01 5.933592891615199205e-01 5.967033468251524697e-01 6.107658117107074291e-01 6.154778080921389227e-01 6.308814232096985331e-01 6.278974032815993755e-01 6.223638189604580040e-01 6.154657939981468262e-01 5.954076884887147258e-01 5.844432171566485978e-01 5.773371148645692896e-01
5.776346014174503773e-01 5.827472909245552390e-01 5.870261897094202208e-01 5.903951352077554393e-01 5.837082413618649435e-01 5.880730294930229807e-01 5.778949931859403977e-01 5.812329643383562505e-01 5.951959278306631074e-01 5.999292168291124883e-01 6.153273117161198735e-01 6.124203773160825648e-01 6.069923276098023734e-01 6.002049657347930944e-01 5.804420736308325557e-01 5.696552318714666052e-01 5.627068105466168646e-01
5.621724053086688544e-01 5.672133762735137585e-01 5.714501903751210143e-01 5.748065395342950579e-01 5.682322088296729579e-01 5.725759793889270144e-01 5.625689451546695974e-01 5.658944017556049033e-01 5.797413406617547560e-01 5.844862696805904756e-01 5.998567487908230689e-01 5.970247087158937482e-01 5.917018572746192140e-01 5.850265131131940910e-01 5.655677878159836025e-01 5.549622859243477091e-01 5.481708888622932596e-01
5.468833177140910440e-01 5.518476132841674264e-01 5.560369188542836349e-01 5.593749546852401222e-01 5.529150686048659447e-01 5.572309406315266722e-01 5.473984979486269387e-01 5.507054791758330126e-01 5.644210354079081116e-01 5.691685085582367520e-01 5.844904391972366442e-01 5.817311875459775239e-01 5.765131418215572179e-01 5.699510221411704380e-01 5.508045580750523529e-01 5.403836897387379601e-01 5.337484987190347363e-01
5.317820160593165202e-01 5.366652025251623659e-01 5.408020553225912908e-01 5.441164879335935733e-01 5.377726980207571117e-01 5.420543067927467984e-01 5.323996063543356971e-01 5.356826096438890294e-01 5.492525655672495510e-01 5.539940353039862764e-01 5.692476501953575019e-01 5.665591655594341969e-01 5.614454768765573256e-01 5.549976336957702649e-01 5.361706898108108410e-01 5.259373422399561404e-01 5.194573851447503721e-01
5.168818793673574108e-01 5.216800191331125713e-01 5.257599376964110505e-01 5.290458921146796722e-01 5.228196239543790869e-01 5.270611066306939430e-01 5.175868748445732193e-01 5.208408393064624109e-01 5.342520934891683559e-01 5.389795549178891809e-01 5.541462418675474622e-01 5.515265836147673628e-01 5.465167485967716843e-01 5.401840817815282136e-01 5.216831003103743480e-01 5.116397633390274979e-01 5.053139241146452632e-01
5.021950286655024742e-01 5.069046599193880454e-01 5.109236067018058103e-01 5.141766091806180272e-01 5.080690665429864472e-01 5.122650459854813931e-01 5.029735984587072606e-01 5.061938897684268301e-01 5.194344274694473462e-01 5.241404028038600948e-01 5.392027002557239213e-01 5.366500054307490331e-01 5.317434658793980251e-01 5.255267263925162968e-01 5.073573535959604586e-01 4.975061310070040266e-01 4.913331581907530166e-01
4.877323760585004497e-01 4.923504891985946985e-01 4.963048513580269883e-01 4.995208147984663283e-01 4.935329864835653058e-01 4.976785543314225513e-01 4.885718097134692517e-01 4.917542040403010128e-01 5.048130659479712623e-01 5.094905992042606524e-01 5.244321747954953095e-01 5.219446545418533479e-01 5.171407981080372585e-01 5.110405891009057733e-01 4.932077013389522535e-01 4.835503225964819518e-01 4.775288374251211443e-01
4.735036734531943292e-01 4.780276893461815058e-01 4.819142596238935594e-01 4.850894668522295894e-01 4.792221333149683793e-01 4.833128319522234095e-01 4.743923261490390342e-01 4.775329953588829390e-01 4.904002416334700687e-01 4.950428797069671427e-01 5.098485181216483308e-01 5.074244567619577984e-01 5.027226171730448945e-01 4.967393963518556554e-01 4.792471241260849446e-01 4.697849583267701967e-01 4.639134608254547043e-01
4.595175620742588118e-01 4.639453012759424122e-01 4.677612595094380321e-01 4.708923554310529003e-01 4.651460941712369235e-01 4.691779014615699572e-01 4.604448013088101033e-01 4.635402943482687665e-01 4.762069733384339809e-01 4.808087539908200148e-01 4.954643303779376895e-01 4.931020794021218623e-01 4.885015391651446603e-01 4.826356225087483631e-01 4.654873762541078541e-01 4.562214462947191129e-01 4.504983251903340036e-01
4.457816236912011121e-01 4.501112943530896637e-01 4.538541860225390190e-01 4.569381518284482135e-01 4.513133463244047294e-01 4.552826484049381506e-01 4.467377744362123204e-01 4.497850015154548631e-01 4.622431080625198363e-01 4.667985461097895472e-01 4.812910023629651812e-01 4.789889803847875993e-01 4.744889691556338773e-01 4.687405351918355056e-01 4.519390344738541399e-01 4.428700283249098479e-01 4.372935690004455811e-01
4.323015148102417604e-01 4.365324610986629494e-01 4.402003056902084599e-01 4.432344596795819158e-01 4.377312367983934860e-01 4.416348885433348803e-01 4.332780474285371497e-01 4.362747671846545217e-01 4.485173774583132156e-01 4.530214472000192449e-01 4.673387661929726544e-01 4.650954528624418050e-01 4.606951513541402421e-01 4.550642427491311537e-01 4.386114993338935952e-01 4.297371359621311449e-01 4.242962861227598803e-01
4.189855024477326939e-01 4.231620821427045098e-01 4.267775397769363876e-01 4.297720890775620917e-01 4.243613995517217519e-01 4.282191400405024884e-01 4.199807075197969364e-01 4.229576415363419106e-01 4.350327355116686001e-01 4.394843927199242328e-01 4.536167394826857713e-01 4.514306729768466919e-01 4.471291922603165547e-01 4.416152157244678245e-01 4.254711305100638552e-01 4.166696944229363875e-01 4.112060770035482204e-01
4.050396595057852989e-01 4.094178324817493997e-01 4.131556246047055070e-01 4.162253413176082995e-01 4.106569999047070540e-01 4.146465351023747026e-01 4.060440375175979888e-01 4.091938845965614746e-01 4.215979978562834907e-01 4.260810607578484066e-01 4.401241608424590335e-01 4.379881571789496220e-01 4.337646246314277865e-01 4.283152267045688411e-01 4.119650550531423483e-01 4.025189369530296490e-01 3.963204850390606993e-01
3.877828113741588201e-01 3.930344579603973765e-01 3.974215708327469843e-01 4.009560294177632600e-01 3.943627775866633267e-01 3.990655733147909778e-01 3.885306140063680136e-01 3.924100972818634903e-01 4.069605098488942030e-01 4.118933352014534366e-01 4.266082074202757202e-01 4.244458397612194123e-01 4.201074539737393865e-01 4.143638578108836956e-01 3.955945408231443805e-01 3.829988289227980736e-01 3.737853711193081518e-01
3.633421163363839135e-01 3.694935355524364695e-01 3.749399460591011923e-01 3.794703727628791490e-01 3.704028317098951306e-01 3.764884287307549982e-01 3.622227224339244489e-01 3.668855627455777646e-01 3.868929276379395321e-01 3.934791678902580525e-01 4.115853817919187807e-01 4.090744139247575739e-01 4.038644281829764093e-01 3.965146877667123926e-01 3.689247676154046029e-01 3.510997585632528728e-01 3.401703759762586543e-01
3.372852959351661517e-01 3.422978110474772517e-01 3.468788790063774274e-01 3.508547793146823968e-01 3.418555338487757056e-01 3.470487765661392499e-01 3.337376645577673773e-01 3.372922376411880974e-01 3.564938965192803177e-01 3.640750295976895035e-01 3.899340929019637358e-01 3.860243353254645959e-01 3.778267399664002046e-01 3.664960002158184071e-01 3.350195121241148488e-01 3.194123458495786716e-01 3.098624266004378347e-01
3.140747401918188575e-01 3.179578412185490865e-01 3.214482738761165193e-01 3.244138727111764986e-01 3.164342579412881551e-01 3.203720836903054536e-01 3.087563565626305628e-01 3.113064372055212581e-01 3.268658822845479928e-01 3.326673597807894844e-01 3.562937128319724756e-01 3.515096967254707216e-01 3.429060934012245765e-01 3.324418815285762885e-01 3.058116064324132299e-01 2.924175165187086756e-01 2.839893224182792886e-01
2.933723329411765945e-01 2.963557909304789795e-01 2.989856329274908631e-01 3.011607966519234680e-01 2.940306578019591388e-01 2.969884476228914494e-01 2.867637523195603055e-01 2.885369756331878088e-01 3.012304725497213509e-01 3.056175557463799430e-01 3.246815785346133798e-01 3.202024163044210892e-01 3.125871599877136919e-01 3.034755620025422762e-01 2.807670793868108361e-01 2.691388191927223117e-01 2.616296037031559107e-01
2.747836644484176749e-01 2.770448163473560044e-01 2.789898134938854635e-01 2.805418086936932176e-01 2.741271648388389770e-01 2.763123867412097256e-01 2.672435541088006850e-01 2.684106070080266027e-01 2.788269698384954753e-01 2.821233910858495508e-01 2.976532769656322075e-01 2.934554387034180589e-01 2.866489475577176926e-01 2.786267841836930215e-01 2.590416865825180825e-01 2.488462523908340218e-01 2.421016460807919324e-01
2.579937825606267165e-01 2.596712122381064081e-01 2.610674391129845229e-01 2.621246046921953399e-01 2.563191207162872076e-01 2.578904368050413676e-01 2.497928437414206893e-01 2.504836377241655421e-01 2.590699683465799708e-01 2.615156782989499495e-01 2.742664530525653621e-01 2.703261328704399391e-01 2.641925968891699616e-01 2.570631585938973340e-01 2.400060476036577906e-01 2.309902503051689815e-01 2.248903807647734399e-01
2.427481310754393273e-01 2.439513349378192586e-01 2.449053982100007354e-01 2.455674449748826427e-01 2.402855672900948980e-01 2.413659151769899924e-01 2.340925671397262320e-01 2.344072725726775164e-01 2.415083395122727961e-01 2.432842328204648519e-01 2.538205597835754834e-01 2.501160388759795516e-01 2.445505067310412839e-01 2.381635405025941121e-01 2.231813633081476123e-01 2.151491641317035131e-01 2.095993368661990541e-01
2.288387232530335047e-01 2.296550618252818921e-01 2.302513539264400555e-01 2.305966064825054063e-01 2.257686577953334495e-01 2.264543965058198327e-01 2.198867822919839954e-01 2.199035190191720168e-01 2.257888064007874951e-01 2.270332808410375769e-01 2.357848972552393785e-01 2.322965964763811508e-01 2.272164368825773384e-01 2.214549977345813547e-01 2.081969095539524528e-01 2.009940784730283869e-01 1.959183523578446051e-01
2.160939463823473294e-01 2.165937245341141848e-01 2.168996692317569086e-01 2.169902510911206894e-01 2.125588596419471510e-01 2.129262853227446572e-01 2.069677779274028961e-01 2.067480777989196550e-01 2.116307651257137157e-01 2.124510771806912834e-01 2.197500637945182800e-01 2.164604303582680911e-01 2.117995187397269663e-01 2.065710778471290254e-01 1.947611601127092473e-01 1.882646348453285989e-01 1.836012891888553211e-01
2.043709315207457855e-01 2.046111650437047180e-01 2.046810695256658930e-01 2.045666763590935633e-01 2.004841331284133998e-01 2.005941996274469841e-01 1.951652124216484985e-01 1.947579653930663901e-01 1.988084997866225723e-01 1.992887162438249371e-01 2.053951602550639077e-01 2.022884881230670173e-01 1.979931468720756704e-01 1.932234247921023884e-01 1.826416986018382649e-01 1.767520436015181939e-01 1.724503136411272286e-01
1.935497657454715303e-01 1.935770107195850520e-01 1.934549338876270508e-01 1.931756198217149945e-01 1.894018930901087694e-01 1.893036840703417045e-01 1.843380603831085707e-01 1.837824087914533833e-01 1.871383760299508703e-01 1.873450463496030838e-01 1.924650855596377608e-01 1.895273215659215860e-01 1.855534209814534707e-01 1.811820148901286121e-01 1.716509490114267455e-01 1.662869082681361355e-01 1.623045908698999007e-01
1.835290479454385892e-01 1.833815515475787639e-01 1.831034668422495681e-01 1.826917293895502781e-01 1.791929528104684033e-01 1.789262707251247086e-01 1.743685551030390024e-01 1.736960458145032915e-01 1.764694596601738275e-01 1.764557302142831796e-01 1.807544860377582052e-01 1.779730370116856530e-01 1.742838838264875179e-01 1.702611052855418083e-01 1.616358489715134794e-01 1.567303434269845808e-01 1.530320120782462656e-01
1.742224378733441270e-01 1.739317912565466473e-01 1.735272363629532799e-01 1.730095954411750570e-01 1.697569024189290454e-01 1.693542230902120027e-01 1.651575726957814627e-01 1.643937774740194535e-01 1.666765371724364120e-01 1.664851802977044548e-01 1.700961789141089697e-01 1.674597371057835182e-01 1.640245093648819985e-01 1.603090569994354564e-01 1.524702506769358146e-01 1.479673915379571825e-01 1.445230458316353883e-01
1.655559488081947972e-01 1.651483700748944128e-01 1.646417185407386408e-01 1.640399255690729863e-01 1.610085404399939357e-01 1.604965054969125504e-01 1.566210729145601499e-01 1.557868223368790439e-01 1.576548500990159196e-01 1.573205245522733553e-01 1.603526665447972399e-01 1.578510529158876907e-01 1.546436214077952231e-01 1.512008408296559581e-01 1.440492443348921070e-01 1.399020731939473461e-01 1.366861033179358753e-01
1.574658034107802862e-01 1.569631426610423874e-01 1.563745935884554294e-01 1.557065667063914360e-01 1.528750887824937288e-01 1.522756571034704076e-01 1.486873248295691730e-01 1.477996577280700219e-01 1.493160715144519757e-01 1.488670302061622652e-01 1.514098170766560725e-01 1.490338434664684186e-01 1.460318715372883047e-01 1.428324356711251353e-01 1.362848596383458843e-01 1.324536167496283001e-01 1.294439998069198128e-01
1.498967207094404341e-01 1.493172540824422578e-01 1.486636092819018096e-01 1.479441634659215132e-01 1.452939976185124715e-01 1.446253421934023398e-01 1.412947226374931808e-01 1.403676236478273998e-01 1.415851957908710879e-01 1.410445904885876678e-01 1.431720929788659058e-01 1.409134419413639594e-01 1.380976890282674674e-01 1.351165842467579037e-01 1.291027701715141141e-01 1.255535520172035013e-01 1.227312213144728381e-01
1.428005364001866118e-01 1.421595983600646707e-01 1.414548776471639957e-01 1.406962996014183565e-01 1.382111993910431214e-01 1.374884120500781681e-01 1.343900502022023769e-01 1.334350277607538049e-01 1.343981086079498177e-01 1.337849970099498631e-01 1.355589024747845817e-01 1.334100230082140570e-01 1.307637994380126401e-01 1.279795374040308409e-01 1.224397379805685776e-01 1.191434455261677211e-01 1.164917905405189746e-01
1.361350832137742106e-01 1.354455737185344399e-01 1.347015057883517442e-01 1.339140102053817949e-01 1.315797083137843770e-01 1.308153579958095669e-01 1.279270903685263416e-01 1.269536333592903299e-01 1.276996697739818110e-01 1.270298002146758309e-01 1.285017772250247325e-01 1.264557944785012211e-01 1.239645300830565372e-01 1.213585284040590156e-01 1.162416113897712516e-01 1.131731180069984605e-01 1.106775842234277024e-01
1.298632759390535019e-01 1.291360700217623614e-01 1.283624868410848663e-01 1.275545811769788207e-01 1.253584881867238487e-01 1.245630665229386230e-01 1.218655017357178766e-01 1.208814429807791163e-01 1.214421869219051986e-01 1.207286151477917763e-01 1.219421659273461633e-01 1.199928030419770003e-01 1.176437024598731423e-01 1.151997931473482950e-01 1.104617412168303059e-01 1.075992284399669846e-01 1.052469943293422722e-01
