4.798550249637089649e-01 4.913631569089099149e-01 5.040065882194780800e-01 5.177684146072005777e-01 4.444319712426481050e-01 4.392812717625163010e-01 4.040093805924516168e-01 3.615209168238923687e-01 3.580983044624150291e-01 2.934334964540014079e-01 3.060979027308803890e-01 2.687102276885967589e-01 2.372236170116736875e-01 2.102577545393798930e-01 2.009761537464659353e-01 1.770422022934506623e-01 1.473411313224810559e-01
6.360680859681613342e-01 6.455586022468206009e-01 6.568004635719789652e-01 6.699423761167379032e-01 5.714019002521343316e-01 5.598294400944755500e-01 5.127769469377907452e-01 4.595574973983659328e-01 4.514131175871163859e-01 3.739332216788699981e-01 3.824155171738952697e-01 3.368708882672186156e-01 3.000356566331021657e-01 2.693398773391082468e-01 2.559812089385826162e-01 2.270086882250755556e-01 1.936804099598640472e-01
8.053993453211516496e-01 8.019184097507267017e-01 8.029273500805731434e-01 8.061593819405035166e-01 6.954547657746475986e-01 6.733156164249891606e-01 6.181388314687420449e-01 5.593058479412899020e-01 5.438837355051554523e-01 4.620812533759201535e-01 4.602067012623786146e-01 4.089055260913105894e-01 3.681696564680875805e-01 3.354161476765264438e-01 3.177318354030788106e-01 2.853713095042820225e-01 2.481637211420510136e-01
9.778404143284964434e-01 9.574609566223495349e-01 9.383110852650967670e-01 9.207703893432477305e-01 8.148047989359715748e-01 7.778990925977645743e-01 7.187947064426695176e-01 6.591150290904375098e-01 6.340473088869948981e-01 5.565855847380623000e-01 5.384087352546053085e-01 4.844530082303093454e-01 4.407968398548051669e-01 4.060443815320442518e-01 3.832611230675209146e-01 3.500507057146332035e-01 3.138152981937001873e-01
1.146047629785760691e+00 1.101103036144288172e+00 1.058063284254672887e+00 1.016996060007023805e+00 9.254586617492965850e-01 8.746009371334225735e-01 8.131964464319968444e-01 7.540555879878936274e-01 7.166262985665227125e-01 6.439039613810573215e-01 6.109720708572664583e-01 5.588602914057788640e-01 5.151888624764140445e-01 4.780804695103259006e-01 4.483957241118596282e-01 4.123930090811545046e-01 3.766644258232620390e-01
1.266062151956265813e+00 1.201038773996185860e+00 1.139900926503671252e+00 1.082544365491239446e+00 9.999226151629277970e-01 9.395879287974324701e-01 8.771439048086685508e-01 8.183456329038210075e-01 7.707502318637874383e-01 7.041179253038536423e-01 6.630523608219764942e-01 6.120872160831580810e-01 5.685976979132059128e-01 5.305195531766343509e-01 4.963000379522554684e-01 4.594815279394525165e-01 4.244950141298759472e-01
1.279383788076976280e+00 1.205344994769841138e+00 1.136900014294135897e+00 1.073694137923349778e+00 1.000000856248154157e+00 9.376005637719505570e-01 8.774862930641903480e-01 8.206831255926101409e-01 7.701586634618881044e-01 7.117410054828936516e-01 6.686879782400577676e-01 6.207200908687536822e-01 5.788915487094091761e-01 5.417406273152700624e-01 5.065828342807821016e-01 4.717642542597317301e-01 4.395304633357245971e-01
1.280808877355643416e+00 1.203342250669153124e+00 1.133144441093651533e+00 1.068748102261843913e+00 1.000002166439492246e+00 9.377581412016624540e-01 8.796630999284188457e-01 8.243443915101194008e-01 7.738328648002612553e-01 7.195362854843887490e-01 6.756800584739979243e-01 6.289844780907910549e-01 5.879447427244905988e-01 5.513911887555777991e-01 5.163855615331801596e-01 4.830979735377794460e-01 4.526901104915644347e-01
1.275445634233908443e+00 1.198547264280347191e+00 1.128508917250847121e+00 1.064655871406922527e+00 1.000000390420604512e+00 9.394364027116215432e-01 8.831994391610722417e-01 8.291482589896995714e-01 7.788411846918724679e-01 7.273803902986343273e-01 6.839830706254782511e-01 6.392162447005408366e-01 5.985685860078995280e-01 5.624492071757462019e-01 5.274553304617315419e-01 4.948495210687675616e-01 4.650699912007069670e-01
1.267677837742071656e+00 1.192599287225277749e+00 1.123651805439117801e+00 1.061425410781295708e+00 1.000002300736341887e+00 9.416176545357466399e-01 8.871160967814473164e-01 8.347464824727219845e-01 7.856755316471371042e-01 7.360833694976794961e-01 6.933133225357255291e-01 6.497187761333491629e-01 6.102858666898111073e-01 5.742008853134582536e-01 5.394781299873369074e-01 5.072540124075352042e-01 4.779259253178480549e-01
1.257114551494635801e+00 1.184163231179490738e+00 1.118089470881271863e+00 1.058165214522423625e+00 1.000004556022416891e+00 9.436899147907480412e-01 8.913930761756796439e-01 8.405077085370699086e-01 7.926923483995710340e-01 7.448950108573095807e-01 7.032611184060451048e-01 6.602640620232458346e-01 6.216066948072482834e-01 5.864039774903964108e-01 5.519013884388505042e-01 5.201970644082144490e-01 4.912461052435142528e-01
1.245538201665832068e+00 1.175732822258160226e+00 1.112576307337860948e+00 1.055314758891134463e+00 1.000004432190875869e+00 9.461012788405245288e-01 8.956637348813144550e-01 8.467603053999670504e-01 8.003753507682122015e-01 7.542446198885389697e-01 7.136563805789853943e-01 6.718042146284125549e-01 6.339428018276670462e-01 5.992913155783369250e-01 5.651871887317284626e-01 5.339036030450891035e-01 5.052954215133105276e-01
1.232982163777183615e+00 1.166747192661319099e+00 1.106809580486667999e+00 1.052421882773764361e+00 1.000004408048760229e+00 9.484565693094084704e-01 9.003577332993766280e-01 8.531059919807802983e-01 8.082759599627072911e-01 7.637657844964252929e-01 7.241346663948070583e-01 6.836155673145278833e-01 6.465935506176743175e-01 6.125538344420277115e-01 5.789282989560321502e-01 5.480867492575554056e-01 5.198260433353035781e-01
1.220032513645870953e+00 1.157664286940192300e+00 1.101080477844039729e+00 1.049656793449956105e+00 1.000005845092890588e+00 9.509042824577526032e-01 9.049529737860689815e-01 8.596030369749264599e-01 8.164049370525826577e-01 7.734898389081412695e-01 7.350563417428116475e-01 6.956959746929529675e-01 6.595502080715003324e-01 6.261722280533140728e-01 5.930840231765679427e-01 5.627047125707188568e-01 5.348034307038876944e-01
1.207185939043740053e+00 1.148577276891760368e+00 1.095387712547021497e+00 1.046946819161588937e+00 1.000004347442356556e+00 9.533484526641224921e-01 9.095467798103505919e-01 8.661239052312587061e-01 8.246013511414579389e-01 7.832679402202776808e-01 7.460728570524469694e-01 7.078886164885204169e-01 6.726538905586934014e-01 6.399819837396095723e-01 6.074791756475993454e-01 5.775877783698649681e-01 5.500672342142085558e-01
1.194419528608195114e+00 1.139633166754258298e+00 1.089794415557720608e+00 1.044304259928978240e+00 1.000005216377577888e+00 9.557761580408300484e-01 9.141044253114495310e-01 8.726094050689672255e-01 8.327820492697857180e-01 7.930153734141951460e-01 7.570838858742476862e-01 7.200858585560239167e-01 6.857928230437583261e-01 6.538619211319228741e-01 6.219844003771507479e-01 5.926073259649610181e-01 5.654899771471926240e-01
1.181998510307659789e+00 1.130934412569907233e+00 1.084362876173399659e+00 1.041737450117874664e+00 1.000008617533179933e+00 9.581588071655360306e-01 9.185818389580531207e-01 8.790004738148082808e-01 8.408653420499333508e-01 8.026496488101880766e-01 7.679955277253521784e-01 7.321924955073446650e-01 6.988572365782524942e-01 6.676951413182745654e-01 6.364716733260835646e-01 6.076373931504841508e-01 5.809446708204608623e-01
1.170044721253100661e+00 1.122552657908599150e+00 1.079120252506179156e+00 1.039254303054254480e+00 1.000009567394694709e+00 9.604776746763471484e-01 9.229454520425323105e-01 8.852480257354439219e-01 8.487858015201249495e-01 8.120962290122611948e-01 7.787239422322751459e-01 7.441150228508474074e-01 7.117527692298072362e-01 6.813804963344395338e-01 6.508238149315522802e-01 6.225651452297853439e-01 5.963185437087271668e-01
1.158638002943258805e+00 1.114538004279983285e+00 1.074092088761177788e+00 1.036864237330341165e+00 1.000009072564213009e+00 9.627199362317462317e-01 9.271706780419645133e-01 8.913158418490442214e-01 8.564954280496915873e-01 8.213146916032949552e-01 7.892070501989927322e-01 7.557871445116298714e-01 7.244043208896479014e-01 6.948375317890306269e-01 6.650054700104308658e-01 6.373029525836254594e-01 6.115205685187973250e-01
1.147832873314172275e+00 1.106927309037026186e+00 1.069303032234651285e+00 1.034579704606440886e+00 1.000010900470049258e+00 9.648810035866357548e-01 9.312448925128780086e-01 8.971815747546758590e-01 8.639636711316435180e-01 8.302568263859837483e-01 7.993963124130982756e-01 7.671607938194258125e-01 7.367595980675657463e-01 7.080080458309760960e-01 6.788941231960622380e-01 6.517840142160954420e-01 6.264817924399486149e-01
1.137639742850086844e+00 1.099719126087742138e+00 1.064748820757513315e+00 1.032391550743914976e+00 1.000001911800819654e+00 9.669401208478445309e-01 9.351442857746714576e-01 9.028169148118966314e-01 8.711555293298061109e-01 8.388890528625746468e-01 8.092691103621807436e-01 7.781891662797578713e-01 7.487681188763760654e-01 7.208387420206489038e-01 6.924550884792739502e-01 6.659500439990585496e-01 6.411431763790310656e-01
1.128098917984641680e+00 1.092958054673634161e+00 1.060468296122319520e+00 1.030332353054675742e+00 1.000011235343340577e+00 9.689231363369132932e-01 9.388895888479270591e-01 9.082361759337057583e-01 8.780814763917647037e-01 8.472185486946661737e-01 8.188070747010013362e-01 7.888738074215853047e-01 7.604249504699877038e-01 7.333213398609773614e-01 7.056772963217506911e-01 6.797874576938669477e-01 6.554893113008481986e-01
1.119172429456602114e+00 1.086606421008519341e+00 1.056427013613762789e+00 1.028372109856674044e+00 1.000008772355027720e+00 9.707988926227261173e-01 9.424492636028383163e-01 9.134073382547018838e-01 8.847068106812142618e-01 8.552105493445387729e-01 8.279828519805512155e-01 7.991738880181715743e-01 7.716935998456326828e-01 7.454163088125902448e-01 7.185170302929091424e-01 6.932551371230654125e-01 6.694788000775294678e-01
1.110867923803814161e+00 1.080675971869350827e+00 1.052640612319113211e+00 1.026528666688463654e+00 1.000011430779780275e+00 9.725826135666593153e-01 9.458376771708594255e-01 9.183421450583488799e-01 8.910425399624367637e-01 8.628743998456960274e-01 8.367992150383283256e-01 8.090957438473143082e-01 7.825726612921547476e-01 7.571233876419228848e-01 7.309757312422033859e-01 7.063498775933075846e-01 6.831080419241891688e-01
1.103150089635908548e+00 1.075141555839255414e+00 1.049090002856661874e+00 1.024786979013651900e+00 1.000004611214427186e+00 9.742600570998538601e-01 9.490410817795934539e-01 9.230257446779438490e-01 8.970721388656428541e-01 8.701911023755546370e-01 8.452414186086047998e-01 8.186195572480957638e-01 7.930425002175338633e-01 7.684216408770909723e-01 7.430304002772485372e-01 7.190494132827794926e-01 6.963535858973108894e-01
1.096017814752779262e+00 1.070009951637329815e+00 1.045788609384115331e+00 1.023165276603568596e+00 1.000008016598524341e+00 9.758498231998646855e-01 9.520772338318926886e-01 9.274745261256616136e-01 9.028113910562538535e-01 8.771779051758265000e-01 8.533173264798358248e-01 8.277531883376828548e-01 8.031105733553450809e-01 7.793146075005510376e-01 7.546825231256601985e-01 7.313538621777643245e-01 7.092153840178354596e-01
1.089438964350499583e+00 1.065260235477913264e+00 1.042722787972355958e+00 1.021654806098795332e+00 1.000013166384314811e+00 9.773446746094006654e-01 9.549423956811519121e-01 9.316816521166211285e-01 9.082506672434802475e-01 8.838214185190405026e-01 8.610169690459874570e-01 8.364820738664323629e-01 8.127591504760782737e-01 7.897838616740137097e-01 7.659121359210834257e-01 7.432417327176426003e-01 7.216706855972655488e-01
1.083380670232277687e+00 1.060870387343459509e+00 1.039878939719064865e+00 1.020247314420611007e+00 1.000014513373682190e+00 9.787387279525729955e-01 9.576281825697455785e-01 9.356375151458867778e-01 9.133847779975925452e-01 8.901148358918229420e-01 8.683258527365496082e-01 8.447913969327202066e-01 8.219708384847436156e-01 7.998094981923363767e-01 7.766969284728240108e-01 7.546888851152931954e-01 7.336936636680368995e-01
1.077810741969633446e+00 1.056818526231184885e+00 1.037242328464053509e+00 1.018933662329774448e+00 1.000004666552131383e+00 9.800255500875286740e-01 9.601309882958378727e-01 9.393369048493269702e-01 9.182053449963794023e-01 8.960461498893712573e-01 8.752322728334639423e-01 8.526643810226077758e-01 8.307259918447528202e-01 8.093687097306796474e-01 7.870108568175566699e-01 7.656663318270969798e-01 7.452528112969583063e-01
1.072731735452432389e+00 1.053116496322926032e+00 1.034831417725061931e+00 1.017736875578829636e+00 1.000008853789121410e+00 9.812311728357491214e-01 9.624747958205047693e-01 9.428018981848270696e-01 9.227344959373392497e-01 9.016331319207355754e-01 8.817491105773074267e-01 8.601119424937940794e-01 8.390317783226055592e-01 8.184635304178511372e-01 7.968509017266338645e-01 7.761669587510677815e-01 7.563377191267518507e-01
1.068104583307813327e+00 1.049734942135992277e+00 1.032624762368428595e+00 1.016641027643387485e+00 1.000013847630099706e+00 9.823440083730865524e-01 9.646484404097130927e-01 9.460213680050479912e-01 9.269599824466162596e-01 9.068593591212902316e-01 8.878586394212970578e-01 8.671141947839503539e-01 8.468635092751709559e-01 8.270663890844556221e-01 8.061855343331524315e-01 7.861553652790213009e-01 7.669091524241854474e-01
1.063903093246315379e+00 1.046656306804698788e+00 1.030611132442574185e+00 1.015639383881964175e+00 1.000015949780226565e+00 9.833632590039308452e-01 9.666485551901841111e-01 9.489944052764033300e-01 9.308800105301309191e-01 9.117196992862381943e-01 8.935552694379316208e-01 8.736618198234384902e-01 8.542093118542105623e-01 8.351593739971739927e-01 8.149916797981894279e-01 7.956040886678434898e-01 7.769361969436655579e-01
1.060093645870323620e+00 1.043854516747060313e+00 1.028769850824267529e+00 1.014715576544961140e+00 1.000003419986497777e+00 9.842806138687748563e-01 9.684690613515227753e-01 9.517148393107430770e-01 9.344862400938636071e-01 9.162045924823163379e-01 8.988284436512656850e-01 8.797421722658644860e-01 8.610529037853482670e-01 8.427212797995075055e-01 8.232440478334556166e-01 8.044835564748800127e-01 7.863849182157663931e-01
1.056699405753652954e+00 1.041358852925917011e+00 1.027135144614572670e+00 1.013906864880888214e+00 1.000017590829618053e+00 9.851396802354487336e-01 9.701526071316555200e-01 9.542279303278252689e-01 9.378216563642854942e-01 9.203565256230517022e-01 9.037192091973129671e-01 8.853935644179762310e-01 8.674275198963469213e-01 8.497813817640246237e-01 8.309668495056043991e-01 8.128129787117607252e-01 7.952692365461291324e-01
1.053653495714964583e+00 1.039110296330129080e+00 1.025654329156905575e+00 1.013166353387218832e+00 1.000017757645643712e+00 9.859042228503114291e-01 9.716656153079584746e-01 9.565026379287564495e-01 9.408553410961177921e-01 9.241478572530587021e-01 9.081999748442322051e-01 8.905875825115027178e-01 8.733027320243359481e-01 8.563065707068087118e-01 8.381248235630608390e-01 8.205533502844709615e-01 8.035466196353184820e-01
1.050932040628344000e+00 1.037092336167343420e+00 1.024317319898448986e+00 1.012489043037057224e+00 1.000004331683723935e+00 9.865784589020691886e-01 9.730164039563319323e-01 9.585496863910549781e-01 9.435984986719143652e-01 9.275918155287543598e-01 9.122850645893667565e-01 8.953374849759755394e-01 8.786908188764935845e-01 8.623060793920026557e-01 8.447232441606425946e-01 8.277074328487438182e-01 8.112160701728567958e-01
1.048547959898894266e+00 1.035326923891273898e+00 1.023153194600596505e+00 1.011910327925815256e+00 1.000017354211232279e+00 9.872085555599072748e-01 9.742540163625363903e-01 9.604195418655061545e-01 9.461022231383994230e-01 9.307418910117853939e-01 9.160279507848905212e-01 8.996961723871735872e-01 8.836430915007850162e-01 8.678288359920566242e-01 8.508082694352572251e-01 8.343184073185010430e-01 8.183178048100886448e-01
1.046432762029229080e+00 1.033753724113269046e+00 1.022109994117787801e+00 1.011385782200109995e+00 1.000018166061767078e+00 9.877628969821740101e-01 9.753527274269705449e-01 9.620900436925352572e-01 9.483473254997123458e-01 9.335812436488845067e-01 9.194134776145580501e-01 9.036496659927570896e-01 8.881460309090564165e-01 8.728620410527381246e-01 8.563678727848224037e-01 8.403727100088766999e-01 8.248367358590456000e-01
1.044557636201543627e+00 1.032352908413404657e+00 1.021175013212313853e+00 1.010908565689855765e+00 1.000006127340085538e+00 9.882468494169140971e-01 9.763234859915634889e-01 9.635758138388719196e-01 9.503521788664193171e-01 9.361299479237755738e-01 9.224632665254021147e-01 9.072204808366473028e-01 8.922230418573046107e-01 8.774289627495497346e-01 8.614250190554647579e-01 8.458933111953319539e-01 8.307953056086911925e-01
1.042943094860338427e+00 1.031151193675911459e+00 1.020381019104961373e+00 1.010517238914384830e+00 1.000025447331803097e+00 9.887087319282353848e-01 9.772198925282744586e-01 9.649342657227034659e-01 9.521781649348164400e-01 9.384503270338273584e-01 9.252414527515260279e-01 9.104738881209890611e-01 8.959400125727506881e-01 8.815961000711637352e-01 8.660460952865164375e-01 8.509457191159680578e-01 8.362573611154580089e-01
1.041516355789119608e+00 1.030083047461985091e+00 1.019668899302208054e+00 1.010158240406395347e+00 1.000029878955364326e+00 9.891066742099687836e-01 9.780060134968728836e-01 9.661346935962830118e-01 9.538003160143782022e-01 9.405202564502450624e-01 9.277299654678031748e-01 9.133947440581798860e-01 8.992840870803577857e-01 8.853530202144554995e-01 8.702222716220254783e-01 8.555218524715908490e-01 8.412155738988419396e-01
1.040264844788363341e+00 1.029141803336347971e+00 1.019037524997253419e+00 1.009836160658471371e+00 1.000028982590627891e+00 9.894545669078929073e-01 9.787002478168842501e-01 9.671993885869426544e-01 9.552453781711430780e-01 9.423694102533876071e-01 9.299612694489841624e-01 9.160186644581581605e-01 9.022935170651309456e-01 8.887392719867859281e-01 8.739938845791948019e-01 8.596630607356007259e-01 8.457102026974255837e-01
1.039148163325224417e+00 1.028293418772614487e+00 1.018458584602147665e+00 1.009527420545708321e+00 1.000004651984948367e+00 9.897378256926704365e-01 9.792927767030094044e-01 9.681230267470961603e-01 9.565118203995567336e-01 9.439998782754738249e-01 9.319403256953460168e-01 9.183540299540075003e-01 9.049797415393744382e-01 8.917688072141665145e-01 8.773766090954369101e-01 8.633854630979919120e-01 8.497584289296334914e-01
1.038225320900102888e+00 1.027602066391986702e+00 1.018000816927111085e+00 1.009305148570220689e+00 1.000032412648870217e+00 9.900360367659758465e-01 9.798655571320730173e-01 9.689904737790987488e-01 9.576870039230992449e-01 9.455011027098979559e-01 9.337575293246757058e-01 9.204933971403189696e-01 9.074368928963945091e-01 8.945374926106701707e-01 8.804673414298169742e-01 8.667865738264648456e-01 8.534582910497700015e-01
1.037402143659869713e+00 1.026978903969276713e+00 1.017580877683013973e+00 1.009091169997313742e+00 1.000038176498817766e+00 9.902804407590016789e-01 9.803540140697564187e-01 9.697417593495095689e-01 9.587150406084438137e-01 9.468214862931343401e-01 9.353640012270189041e-01 9.223925600084043053e-01 9.096244777003295034e-01 8.970087731477411896e-01 8.832333636499127838e-01 8.698370908038234317e-01 8.567827406196831808e-01
1.036679399060769668e+00 1.026429520947835128e+00 1.017208608903115374e+00 1.008899125794080476e+00 1.000039318013217660e+00 9.904920973772584070e-01 9.807827282892194187e-01 9.704049807840755548e-01 9.596274777711606419e-01 9.479962879553119892e-01 9.367973683005669239e-01 9.240915015001158750e-01 9.115863537952036966e-01 8.992296948366059750e-01 8.857247661900857771e-01 8.725898071585937998e-01 8.597873467382037838e-01
1.036023570144580130e+00 1.025925410939020122e+00 1.016859666980602706e+00 1.008708978577712134e+00 1.000019709268626489e+00 9.906605854425943880e-01 9.811452684962789217e-01 9.709781108337460775e-01 9.604265240204775678e-01 9.490321882782302154e-01 9.380681291013448497e-01 9.256051739799867617e-01 9.133410878879782979e-01 9.012226509783969330e-01 8.879675738500482085e-01 8.750743163934294744e-01 8.625048454034426326e-01
1.035481223466780731e+00 1.025515975660495238e+00 1.016587554596040111e+00 1.008577741525747085e+00 1.000040382718459409e+00 9.908507689771470783e-01 9.815106006310383435e-01 9.715337975003878190e-01 9.611884691789758239e-01 9.500097589739583404e-01 9.392597733653239578e-01 9.270202148244319762e-01 9.149784123282889148e-01 9.030798935838508790e-01 8.900563335297722034e-01 8.773870187797011555e-01 8.650336395970192882e-01
1.034930104897676229e+00 1.025085759391497042e+00 1.016281906335754215e+00 1.008399881193151382e+00 1.000001369218426417e+00 9.909683350581182104e-01 9.817898736600265686e-01 9.719884424280046398e-01 9.618345542776772783e-01 9.508557154040097048e-01 9.403039557484271782e-01 9.282732385539584907e-01 9.164392095103901514e-01 9.047462289761369902e-01 8.919395540904783148e-01 8.794800336085067949e-01 8.673292416493232349e-01
1.034482257210363132e+00 1.024749275318883157e+00 1.016060120045142900e+00 1.008295534844444896e+00 1.000025938594614416e+00 9.911389952880270693e-01 9.821114268114152779e-01 9.724726962583536416e-01 9.624970271117851972e-01 9.517046250852437828e-01 9.413366353081425997e-01 9.295013684777235774e-01 9.178615140157384555e-01 9.063604180469512217e-01 8.937561653637147163e-01 8.814922774961606589e-01 8.695300584263150334e-01
1.034033951237255611e+00 1.024407073671136370e+00 1.015827012096810034e+00 1.008173904605187410e+00 1.000027216376174533e+00 9.912799583860326669e-01 9.823960698662312918e-01 9.729116095555463417e-01 9.631044426140813464e-01 9.524887467189070422e-01 9.422934606756044884e-01 9.306436942333711215e-01 9.191874759696629926e-01 9.078673880431412657e-01 8.954540326330199251e-01 8.833744676247972105e-01 8.715898001792563576e-01
1.033570716590638705e+00 1.024048683701232809e+00 1.015574751427915867e+00 1.008029369911053852e+00 1.000002864226742894e+00 9.913912085501942473e-01 9.826464849579500394e-01 9.733104121681405152e-01 9.636641929862523881e-01 9.532179048380611253e-01 9.431868057609049671e-01 9.317142635759118052e-01 9.204332419896837925e-01 9.092852990851872930e-01 8.970534959262534969e-01 8.851490254523468604e-01 8.735328974695317772e-01
1.033172832553562293e+00 1.023755429411766338e+00 1.015387130192811904e+00 1.007948404340236692e+00 1.000041227495024110e+00 9.915626330307079073e-01 9.829542088928457932e-01 9.737626414219540116e-01 9.642713055614788864e-01 9.539889049735172932e-01 9.441143786806873717e-01 9.328126361196366068e-01 9.216997055413627127e-01 9.107166999086210302e-01 8.986588266817839843e-01 8.869218580952435982e-01 8.754668861825815052e-01
1.032728490213925099e+00 1.023419711069871285e+00 1.015160240678123937e+00 1.007830586862893174e+00 1.000045222326723771e+00 9.917007673509041776e-01 9.832291741167068500e-01 9.741816958171662932e-01 9.648433440204491340e-01 9.547231590058726791e-01 9.450017759382892679e-01 9.338681597544133961e-01 9.229206309791364582e-01 9.120994627623438822e-01 9.002119768551866130e-01 8.886391712979018198e-01 8.773421984748236424e-01
1.032245910192980620e+00 1.023052849350035709e+00 1.014908468734470048e+00 1.007693451978012966e+00 1.000035299574876246e+00 9.918285238079216359e-01 9.834969327649263349e-01 9.745964256061698805e-01 9.654118417390749052e-01 9.554549589118994657e-01 9.458860950363270348e-01 9.349211700741315578e-01 9.241389766822821761e-01 9.134796259175333999e-01 9.017623221636752451e-01 8.903531537526004902e-01 8.792138511062863593e-01
1.031725696974754136e+00 1.022659741638438202e+00 1.014639143260554377e+00 1.007547583302058847e+00 1.000024939263344459e+00 9.919625530660501900e-01 9.837774365450516756e-01 9.750290820812483883e-01 9.660026861785065977e-01 9.562135145943001513e-01 9.467993885690392242e-01 9.360067308025945554e-01 9.253929524676712814e-01 9.148983672850659055e-01 9.033539603716206345e-01 8.921112380520703766e-01 8.811313116983482407e-01
1.031186244976924460e+00 1.022259894837670435e+00 1.014377918711147908e+00 1.007422295394628131e+00 1.000046077612090079e+00 9.921377247753387918e-01 9.841077609361577050e-01 9.755205710263704644e-01 9.666592378373988215e-01 9.570450838457460474e-01 9.477904964770098584e-01 9.371764825363315676e-01 9.267369750629508296e-01 9.164124399983296643e-01 9.050466459702597444e-01 8.939741932883908948e-01 8.831579795475078543e-01
1.030555619287469638e+00 1.021788197679331045e+00 1.014061394537341565e+00 1.007257352023430252e+00 1.000041772910898352e+00 9.923006136033484248e-01 9.844379988010006910e-01 9.760234417788308248e-01 9.673376196744872813e-01 9.579090920608238635e-01 9.488219065399747798e-01 9.383959612778961512e-01 9.281397498567143245e-01 9.179937451704450746e-01 9.068136526846352075e-01 8.959199038084348921e-01 8.852739400515114987e-01
1.029840940324842302e+00 1.021253882604886698e+00 1.013702425479487301e+00 1.007069326892944261e+00 1.000031077792906009e+00 9.924724584380857362e-01 9.847917842262338128e-01 9.765637688784678527e-01 9.680661825307519397e-01 9.588361727386192079e-01 9.499261126878846273e-01 9.397000278847799093e-01 9.296379593476753467e-01 9.196807415244425687e-01 9.086970134720140369e-01 8.979905444431044437e-01 8.875231235191989310e-01
1.029038764358013447e+00 1.020657011810025994e+00 1.013304313055532369e+00 1.006864073750967092e+00 1.000022027494865018e+00 9.926637729242585584e-01 9.851814731331731689e-01 9.771560349164587489e-01 9.688613071325079540e-01 9.598449265533045560e-01 9.511235835509188608e-01 9.411111031722501075e-01 9.312560812589828485e-01 9.214997318813695770e-01 9.107242947786332588e-01 9.002160894258237622e-01 8.899371425327856633e-01
1.028140494855122711e+00 1.019991657599062851e+00 1.012863592031067128e+00 1.006640738031978843e+00 1.000015758341152416e+00 9.928777452019822425e-01 9.856123457576339009e-01 9.778073797701059000e-01 9.697319973906146640e-01 9.609462390035794499e-01 9.524270080853531883e-01 9.426438442310383081e-01 9.330107367436359933e-01 9.234693003920274590e-01 9.129159847844844355e-01 9.026187745989062705e-01 8.925400612322621496e-01
1.027135269216808755e+00 1.019249089619190141e+00 1.012373940474950995e+00 1.006395217036537559e+00 1.000010293620967161e+00 9.931141102271826560e-01 9.860858948098006893e-01 9.785211032563950750e-01 9.706834429724989777e-01 9.621472765263821003e-01 9.538451276867910833e-01 9.443091267366156005e-01 9.349146224293330976e-01 9.256041563755174062e-01 9.152887934733792141e-01 9.052172351133421779e-01 8.953523454392010583e-01
1.026012079063047144e+00 1.018421220585323805e+00 1.011829510159234946e+00 1.006123756436932748e+00 1.000003546132969046e+00 9.933727245985588539e-01 9.866036783317446712e-01 9.793005408164890957e-01 9.717206700564111621e-01 9.634549840675399324e-01 9.553866278307723281e-01 9.461173420746117335e-01 9.369802448037334308e-01 9.279184490258265416e-01 9.178591157525046729e-01 9.080299039752165458e-01 8.983942627452620178e-01
1.024762602992120852e+00 1.017501547045603916e+00 1.011225836815753842e+00 1.005823907523562211e+00 9.999948262219744421e-01 9.936545514661947465e-01 9.871683070185659492e-01 9.801499759292388037e-01 9.728496432149300599e-01 9.648771631103497670e-01 9.570607398107455754e-01 9.480798507924904639e-01 9.392207941223280621e-01 9.304275199176360589e-01 9.206441017504530810e-01 9.110758516084576097e-01 9.016868510799112002e-01
1.023379915652991246e+00 1.016485214708219287e+00 1.010560061987872071e+00 1.005494836689396765e+00 9.999849420780505538e-01 9.939619441027066626e-01 9.877837590282018132e-01 9.810749702144592188e-01 9.740774696347112016e-01 9.664226481778731559e-01 9.588777126489892444e-01 9.502087005313037960e-01 9.416501673153838681e-01 9.331470961378802720e-01 9.236614984326778632e-01 9.143747479542904122e-01 9.052516067299759550e-01
1.021857935597486611e+00 1.015368119377191514e+00 1.009830108079951216e+00 1.005136384466642996e+00 9.999752948644514694e-01 9.942977722806819463e-01 9.884542998249765677e-01 9.820812305083770344e-01 9.754112668729294500e-01 9.681001597441220019e-01 9.608474639426574093e-01 9.525155745156396181e-01 9.442818312072638332e-01 9.360923139221332123e-01 9.269284673476155811e-01 9.179456386459607931e-01 9.091093917983974482e-01
1.020192024554346766e+00 1.014147585636220095e+00 1.009035220790107434e+00 1.004749757597562798e+00 9.999684886887666435e-01 9.946659057470900178e-01 9.891850817528434758e-01 9.831751762866397515e-01 9.768586570982291661e-01 9.699187608458650356e-01 9.629800133167911724e-01 9.550120511824493619e-01 9.471290116176072083e-01 9.392782515758478779e-01 9.304618779512442428e-01 9.218071720921549028e-01 9.132806317735090440e-01
1.018378215518526364e+00 1.012821533341508706e+00 1.008175194048101853e+00 1.004336642104018962e+00 9.999674522762135309e-01 9.950703992059400926e-01 9.899812051269442081e-01 9.843629326931618850e-01 9.784267174140486301e-01 9.718867406017938082e-01 9.652843936552301107e-01 9.577086613644227864e-01 9.502037757048927835e-01 9.427184612249128737e-01 9.342770185681854578e-01 9.259764836514895459e-01 9.177842015064998638e-01
1.016424493891473713e+00 1.011399725099925595e+00 1.007261631776938948e+00 1.003910496811877273e+00 9.999867352908908824e-01 9.955266049510419490e-01 9.908588878106751041e-01 9.856615438872310397e-01 9.801332668684291649e-01 9.740229423529700448e-01 9.677798981083498564e-01 9.606259350822879961e-01 9.535280209266964180e-01 9.464363502297350461e-01 9.383990153879308016e-01 9.304802654308117482e-01 9.226484303972908307e-01
1.014263341405387209e+00 1.009815959116491912e+00 1.006229669528860393e+00 1.003407841349801766e+00 9.999633806703573935e-01 9.959719538892365387e-01 9.917559422619047771e-01 9.870091890250983768e-01 9.819167589863765366e-01 9.762664605871009815e-01 9.704057593510415636e-01 9.637041906565544380e-01 9.570432955514085460e-01 9.503748524300660305e-01 9.427725094617609436e-01 9.352649318013743773e-01 9.278214705247422867e-01
1.011973237921333313e+00 1.008150466291272584e+00 1.005161384934820656e+00 1.002912683677113170e+00 9.999822098271772264e-01 9.964917710451038912e-01 9.927581606743772769e-01 9.884919771112259390e-01 9.838635683533314413e-01 9.787041858548233275e-01 9.732486602459382574e-01 9.670308657664054008e-01 9.608379650484047962e-01 9.546233971909044991e-01 9.474880800761690258e-01 9.404222732381006811e-01 9.333964973628179340e-01
1.009657150578222140e+00 1.006469993874020696e+00 1.004089243737054771e+00 1.002424855294050232e+00 1.000012726013534081e+00 9.970255632777317301e-01 9.937763660280364286e-01 9.899922329219070782e-01 9.858284095845206707e-01 9.811622458016912018e-01 9.761104481230552521e-01 9.703804680005977401e-01 9.646605203652063310e-01 9.589056218909959295e-01 9.522444034831405446e-01 9.456276405268586593e-01 9.390268766112175314e-01
1.007414203963050037e+00 1.004837055212523644e+00 1.003040848655259554e+00 1.001938492544482751e+00 1.000019272074751830e+00 9.975087034182783530e-01 9.947181377049758577e-01 9.913898492100047255e-01 9.876645954923332082e-01 9.834660904692289485e-01 9.787934365744739296e-01 9.735282773784857957e-01 9.682601842523889113e-01 9.629456919140856330e-01 9.567400001352318606e-01 9.505554026496967346e-01 9.443643404907304806e-01
1.005271720768265542e+00 1.003279903103482251e+00 1.002045207698744722e+00 1.001483971048557686e+00 1.000033140620355310e+00 9.979738895637558782e-01 9.956175787185965742e-01 9.927204847391120079e-01 9.894092833085360583e-01 9.856542330358453174e-01 9.813376035763992089e-01 9.765152300116330952e-01 9.716787390102875621e-01 9.667860389774308727e-01 9.610178165257787786e-01 9.552488444283792068e-01 9.494525724770368491e-01
1.003201052240799696e+00 1.001770484132921801e+00 1.001074909710404581e+00 1.001033522453346425e+00 1.000028044231669577e+00 9.983961670732295346e-01 9.964509573582444046e-01 9.939615351355521877e-01 9.910411904477797185e-01 9.877064932799224373e-01 9.837241891733069510e-01 9.793235313122705676e-01 9.748991694730246849e-01 9.704102835223170631e-01 9.650620385779594690e-01 9.596927228042573255e-01 9.542766238135599322e-01
1.001211309787393811e+00 1.000318780389477524e+00 1.000140686674190427e+00 1.000598852350782053e+00 1.000016657804434494e+00 9.987894617097995420e-01 9.972334509555856874e-01 9.951296198464998355e-01 9.925782228022538289e-01 9.896420630922949657e-01 9.859736218682707554e-01 9.819745535693832350e-01 9.779436665471548107e-01 9.738413112219095336e-01 9.688961514489519145e-01 9.639109860799955909e-01 9.588608299317507022e-01
9.993046069533207953e-01 9.989277482528728935e-01 9.992462548669646116e-01 1.000184264776031062e+00 1.000004485967406209e+00 9.991605728152962440e-01 9.979730951004501804e-01 9.962339444241311570e-01 9.940309175197648006e-01 9.914725862896938136e-01 9.880988470024684167e-01 9.844822504479963099e-01 9.808270082139807222e-01 9.770945769184878893e-01 9.725361432843270260e-01 9.679200758802852800e-01 9.632221365376585354e-01
9.974888395547969466e-01 9.976062017388642733e-01 9.984011564834122110e-01 9.998001457761787059e-01 1.000003034000390700e+00 9.995222181282619189e-01 9.986837969970127071e-01 9.972896699196341919e-01 9.954156277038114231e-01 9.932155831053721684e-01 9.901186184759941389e-01 9.868662623698246650e-01 9.835696391480388545e-01 9.801912155699405993e-01 9.760037944327594195e-01 9.717423283075899976e-01 9.673831822509169065e-01
9.957516248177065155e-01 9.963424593580161304e-01 9.975944012249389203e-01 9.994360420848168447e-01 1.000002764089157337e+00 9.998659378393522923e-01 9.993581386056754612e-01 9.982904444566406132e-01 9.967271110663131761e-01 9.948668376000794344e-01 9.920298133747335045e-01 9.891243436895553742e-01 9.861700705529089506e-01 9.831304007007550805e-01 9.792988485257261289e-01 9.753779633492194456e-01 9.713446773217888630e-01
9.940922798140731098e-01 9.951366526080608343e-01 9.968268476429228420e-01 9.990934787559966335e-01 1.000006202450035797e+00 1.000195336557892833e+00 1.000000767397358326e+00 9.992419847065069360e-01 9.979721619427099899e-01 9.964341406480241581e-01 9.938413174387399351e-01 9.912662350840606429e-01 9.886387876810114328e-01 9.859232512154735284e-01 9.824330137685491904e-01 9.788392126197738019e-01 9.751192999218467605e-01
9.925159724200154354e-01 9.939949117316593252e-01 9.961054139972453925e-01 9.987800174403806963e-01 1.000021885135926603e+00 1.000520006855563526e+00 1.000622290244413737e+00 1.000155946054004152e+00 9.991634881197233309e-01 9.979312290869584157e-01 9.955678345771126203e-01 9.933074830379253761e-01 9.909920797572755458e-01 9.885867062244558801e-01 9.854240739140179839e-01 9.821441362661317287e-01 9.787255386777276023e-01
9.910091986925632090e-01 9.929042676092423303e-01 9.954176678833759340e-01 9.984839192740542213e-01 1.000038876823284850e+00 1.000829896744924730e+00 1.001213522619665008e+00 1.001024037935467792e+00 1.000293702514798655e+00 9.993515451227116264e-01 9.972037674914462357e-01 9.952432433818055868e-01 9.932257699361505265e-01 9.911171786100515524e-01 9.882681985232021349e-01 9.852900769435681827e-01 9.821610070737057940e-01
9.895601548118705404e-01 9.918536161821478458e-01 9.947533175011279427e-01 9.981951776456698955e-01 1.000047923695863483e+00 1.001116585805604586e+00 1.001766863687216569e+00 1.001839501113950925e+00 1.001356910724396698e+00 1.000690019181752044e+00 9.987448907673633913e-01 9.970700002638390735e-01 9.953369739619791767e-01 9.935123506461438492e-01 9.909643794831682895e-01 9.882758039563190877e-01 9.854253911695811663e-01
9.881527469281747855e-01 9.908274829147355467e-01 9.940971733254532205e-01 9.978992586312753765e-01 1.000035173279682832e+00 1.001366996402643705e+00 1.002269953753982534e+00 1.002590734926432470e+00 1.002342292287373260e+00 1.001936572584262386e+00 1.000181916247478320e+00 9.987791280385469594e-01 9.973176571541014779e-01 9.957647020030074847e-01 9.935053288074375821e-01 9.910946916064995449e-01 9.885119148329125638e-01
9.867984812370556025e-01 9.898382034586089562e-01 9.934623991454731851e-01 9.976100169116969285e-01 1.000015337266900728e+00 1.001596683895708439e+00 1.002739221455509755e+00 1.003295029511203529e+00 1.003267980026016915e+00 1.003110168044994088e+00 1.001534651653384511e+00 1.000391112009448413e+00 9.991889446581947443e-01 9.978959334654067259e-01 9.959132549823790370e-01 9.937694228905015192e-01 9.914438668151198675e-01
9.855569338839628157e-01 9.889466007807816705e-01 9.929110899231208265e-01 9.973907012200045052e-01 1.000052856903497656e+00 1.001871311092902950e+00 1.003241424612593802e+00 1.004020232265081747e+00 1.004202859620296318e+00 1.004280702552621696e+00 1.002873720784743128e+00 1.001977527421507252e+00 1.001023191303163751e+00 9.999790977822285987e-01 9.982618937867128173e-01 9.963742856875957843e-01 9.942960134123153271e-01
9.843125622280940457e-01 9.880367291541916064e-01 9.923267492937625223e-01 9.971242326882528983e-01 1.000030377266202697e+00 1.002073456293090858e+00 1.003659129655730897e+00 1.004648973299689496e+00 1.005029724491550480e+00 1.005331109493411645e+00 1.004082593808450996e+00 1.003421956190363895e+00 1.002704154705785333e+00 1.001898114198176648e+00 1.000435326943443837e+00 9.987935701081311901e-01 9.969528593112881865e-01
9.831586289373458465e-01 9.872033719921956552e-01 9.918057087465711463e-01 9.969084557380979428e-01 1.000047207988559617e+00 1.002303709779392538e+00 1.004094162938836465e+00 1.005284263733998040e+00 1.005852689798241828e+00 1.006366598572987492e+00 1.005267298130962716e+00 1.004831370025129456e+00 1.004339649307632421e+00 1.003761561405220659e+00 1.002542824860767734e+00 1.001137143313314715e+00 9.995247778165654573e-01
9.820333251915208672e-01 9.863847401802234849e-01 9.912861184194218245e-01 9.966814267254868742e-01 1.000041481923070519e+00 1.002500418307485708e+00 1.004485091704765631e+00 1.005864932165185133e+00 1.006610909357860351e+00 1.007326632177922177e+00 1.006367718110096066e+00 1.006145975760114775e+00 1.005870167795581915e+00 1.005510193145737752e+00 1.004525434779629078e+00 1.003346332232407656e+00 1.001953357176316395e+00
9.809734646651488976e-01 9.856186235807995466e-01 9.908066987770415279e-01 9.964827685339466834e-01 1.000053675182292157e+00 1.002704928918751959e+00 1.004874077084003448e+00 1.006433985987854607e+00 1.007348141292738086e+00 1.008255740112584897e+00 1.007429024135458651e+00 1.007411605416683509e+00 1.007342155065318989e+00 1.007190576400363913e+00 1.006430219070643783e+00 1.005468626529566256e+00 1.004286492292727484e+00
9.799197198142030052e-01 9.848456312393157885e-01 9.903079627224197212e-01 9.962523849772335627e-01 1.000024188703952044e+00 1.002857789354332230e+00 1.005201828147051835e+00 1.006932281480349411e+00 1.008005499537818261e+00 1.009095230614216465e+00 1.008392906162139502e+00 1.008570196012742448e+00 1.008697771107442742e+00 1.008746387756174201e+00 1.008201088839112858e+00 1.007447790205406868e+00 1.006468149549978319e+00
9.789793146876724084e-01 9.841746912409463643e-01 9.899005258807067609e-01 9.961035502436238476e-01 1.000066796134689850e+00 1.003074042120168485e+00 1.005584597665265312e+00 1.007477228414369375e+00 1.008701431750449240e+00 1.009964659814570842e+00 1.009379639937554529e+00 1.009742932052263731e+00 1.010059050570676575e+00 1.010299143035854996e+00 1.009960294573086337e+00 1.009407495546430056e+00 1.008622553250803522e+00
9.780149559026727335e-01 9.834675294326156170e-01 9.894450811934989432e-01 9.958951345345332662e-01 1.000040358177095801e+00 1.003212066732738217e+00 1.005880328578513616e+00 1.007926451943917279e+00 1.009293362611970224e+00 1.010721183458558103e+00 1.010246484218908725e+00 1.010786938565049864e+00 1.011282979455023323e+00 1.011706122440839906e+00 1.011565024099284171e+00 1.011204485049700619e+00 1.010606475539659765e+00
9.771070062979037019e-01 9.828059056206834843e-01 9.890247405992792507e-01 9.957118891136718108e-01 1.000030496434605176e+00 1.003358557728846190e+00 1.006176677377890405e+00 1.008368532662254013e+00 1.009870706759032233e+00 1.011455097883092513e+00 1.011084349011820427e+00 1.011793874800060555e+00 1.012461925885796088e+00 1.013060371827731121e+00 1.013108934213214685e+00 1.012932978114658544e+00 1.012514573418505259e+00
9.762852809696731526e-01 9.822204516835648658e-01 9.886709384217094998e-01 9.955859359190771807e-01 1.000070123484900320e+00 1.003547022331396477e+00 1.006507850362174050e+00 1.008838280933806564e+00 1.010468853338671424e+00 1.012202375468470805e+00 1.011929679995247078e+00 1.012800718296495983e+00 1.013633376957017829e+00 1.014399810293458382e+00 1.014630421314089537e+00 1.014631766877001740e+00 1.014386023257672687e+00
9.754657097885462980e-01 9.816265951927370947e-01 9.882985749622581473e-01 9.954315900985620802e-01 1.000073231531258156e+00 1.003691301036676364e+00 1.006787435884181958e+00 1.009249184554742440e+00 1.011001249209120934e+00 1.012876408298041930e+00 1.012695986832019335e+00 1.013720973261962310e+00 1.014710785575463126e+00 1.015637917839661952e+00 1.016042964666494131e+00 1.016214366378944245e+00 1.016134390726478820e+00
9.746588264650819511e-01 9.810354356439517920e-01 9.879192580969744508e-01 9.952609582791072107e-01 1.000052396972380686e+00 1.003804425359573260e+00 1.007028921583042580e+00 1.009615152127034898e+00 1.011482218632865138e+00 1.013491935111562325e+00 1.013398383487972509e+00 1.014570152781677281e+00 1.015710079364859020e+00 1.016790948099169700e+00 1.017363153579777357e+00 1.017697676555405550e+00 1.017776858044477040e+00
9.738735261487251327e-01 9.804564348431653587e-01 9.875429539797295764e-01 9.950844866590853321e-01 1.000018501543498584e+00 1.003897660675690640e+00 1.007244027553866328e+00 1.009948316358976417e+00 1.011924282799321784e+00 1.014061885744804936e+00 1.014050125007803782e+00 1.015361871950736461e+00 1.016645203375699857e+00 1.017873175208416026e+00 1.018605593162389189e+00 1.019096597420840355e+00 1.019328595827234007e+00
9.731530280629953067e-01 9.799335067111606401e-01 9.872144624955291325e-01 9.949478528098855135e-01 1.000017953795117265e+00 1.004018126104253117e+00 1.007480456157586080e+00 1.010296971151332990e+00 1.012376286380090029e+00 1.014635669769709647e+00 1.014701036866976436e+00 1.016146478133492792e+00 1.017566994674292236e+00 1.018935907663528484e+00 1.019822035317135223e+00 1.020463286269802206e+00 1.020842129865161763e+00
9.724875293550847566e-01 9.794573326048002793e-01 9.869247211709731848e-01 9.948422224808387559e-01 1.000042168357266004e+00 1.004157471250385347e+00 1.007730114392826559e+00 1.010653282291189115e+00 1.012830641468363879e+00 1.015205964478967715e+00 1.015344033469857354e+00 1.016917136758695328e+00 1.018468866863749822e+00 1.019972790090365677e+00 1.021006353284065860e+00 1.021791842762798330e+00 1.022311768373259877e+00
9.714296696910266204e-01 9.785813499862350273e-01 9.862278006750856418e-01 9.943221051039344838e-01 9.996459039929000978e-01 1.003870839805524495e+00 1.007548657666081704e+00 1.010573614921266961e+00 1.012844573558515204e+00 1.015331235011709410e+00 1.015538760194846235e+00 1.017235473596414641e+00 1.018914575959266822e+00 1.020549888200876554e+00 1.021727495807284614e+00 1.022654162318561655e+00 1.023312443826731366e+00
9.688368253770840433e-01 9.761491273537591384e-01 9.839531117334459065e-01 9.922024806751396087e-01 9.976336829164627051e-01 1.001953802393735993e+00 1.005723592685617618e+00 1.008838243956527103e+00 1.011192207248082120e+00 1.013778969128246388e+00 1.014049571401605121e+00 1.015860215068675965e+00 1.017657368169464949e+00 1.019415083855122139e+00 1.020728437526243981e+00 1.021788795101466141e+00 1.022578818534349177e+00
9.659632299393601240e-01 9.734295794150048531e-01 9.813846258871229411e-01 9.897826513337109056e-01 9.953160711357242896e-01 9.997265736030532812e-01 1.003583843692251731e+00 1.006783906839655129e+00 1.009216937232715106e+00 1.011899661760830238e+00 1.012230390289295512e+00 1.014151198162893674e+00 1.016062800137193411e+00 1.017939452912847154e+00 1.019385211870929231e+00 1.020576230033803267e+00 1.021495170021154308e+00
9.624113946806530651e-01 9.700203029674090427e-01 9.781148986781489363e-01 9.866500231628446693e-01 9.922767742994355045e-01 9.967697231778630540e-01 1.000707150063071316e+00 1.003985805152836530e+00 1.006491809475863919e+00 1.009264015785301893e+00 1.009650873162805107e+00 1.011676043524207813e+00 1.013696454100006195e+00 1.015686669266395947e+00 1.017259675566845489e+00 1.018576630263605232e+00 1.019620245126184432e+00
9.582080313949661310e-01 9.659481157083450453e-01 9.741709007269312437e-01 9.828317222729234803e-01 9.885430837083112321e-01 9.931107031331153356e-01 9.971211012849972022e-01 1.000471661863612471e+00 1.003044667272600776e+00 1.005899966074491170e+00 1.006339010182313309e+00 1.008462788683908151e+00 1.010586434639813458e+00 1.012684775021390537e+00 1.014379820778567698e+00 1.015817932041309213e+00 1.016981874092208749e+00
9.533805919740163670e-01 9.612408181112013228e-01 9.695804278883570770e-01 9.783556868378022742e-01 9.841431125588230300e-01 9.887778137904856823e-01 9.928541456201719351e-01 9.962700657307304031e-01 9.989042308560943662e-01 1.001836342884535158e+00 1.002323738972294764e+00 1.004540407579078476e+00 1.006761720562539875e+00 1.008962769038719065e+00 1.010774603972717900e+00 1.012329038467421727e+00 1.013608887308697915e+00
9.479570990315552281e-01 9.559263326453861787e-01 9.643718581446906191e-01 9.732505031969957976e-01 9.791056187175437575e-01 9.837999895244566861e-01 9.879354051758560962e-01 9.914102933874435752e-01 9.940999219277838472e-01 9.971026867055617915e-01 9.976347024821141662e-01 9.999386084834627209e-01 1.002252056744041386e+00 1.004550404740422787e+00 1.006473764777718882e+00 1.008139647139605133e+00 1.009530925508549615e+00
9.419659110479500219e-01 9.500334008645053840e-01 9.585740231991317639e-01 9.675451710056484078e-01 9.734598767634841110e-01 9.782066967778423328e-01 9.823945096299651070e-01 9.859221464622026643e-01 9.886616879507863498e-01 9.917290813620752710e-01 9.923020903243537916e-01 9.946876492736140829e-01 9.970877472667155628e-01 9.994780292696369139e-01 1.001507636311264493e+00 1.003280070292545512e+00 1.004778257781329343e+00
9.354357329641738161e-01 9.435909156479468374e-01 9.522160470037475122e-01 9.612690902610544486e-01 9.672354428407402560e-01 9.720277139838885416e-01 9.762614327481349275e-01 9.798357701290052457e-01 9.826198361862706898e-01 9.857459711824200221e-01 9.863564596575471466e-01 9.888181741241924838e-01 9.912995327026248304e-01 9.937763926044420604e-01 9.959069858637661365e-01 9.977810593566648345e-01 9.993816120085846633e-01
9.283953371010869038e-01 9.366279037211673320e-01 9.453272055621375625e-01 9.544517573879774952e-01 9.604620769024685423e-01 9.652930219777122733e-01 9.695663449407707635e-01 9.731815170519366731e-01 9.760048845605889811e-01 9.791840245129537212e-01 9.798286000901997861e-01 9.823610687911048522e-01 9.849183009815583034e-01 9.874765068594755224e-01 9.897028529353925075e-01 9.916736538904052933e-01 9.933720112280632897e-01
9.208734830938255511e-01 9.291733949705249795e-01 9.379367908048494851e-01 9.471227408144984317e-01 9.531695669789677083e-01 9.580326293150576156e-01 9.623394727969876161e-01 9.659898041013625924e-01 9.688474211015662974e-01 9.720739901200671218e-01 9.727493728333572731e-01 9.753472908805299602e-01 9.779751708877072458e-01 9.806094980515225323e-01 9.829263657044424729e-01 9.849890332597291964e-01 9.867806349368596353e-01
9.128988094540587683e-01 9.212562263767239967e-01 9.300739943246731922e-01 9.393115038402712891e-01 9.453876436171561037e-01 9.502764853256762123e-01 9.546109729716257819e-01 9.582909882566001958e-01 9.611779721621720451e-01 9.644465589956626728e-01 9.651495913995432607e-01 9.678077795214509171e-01 9.705011459231828175e-01 9.732064657271285446e-01 9.756087068974050869e-01 9.777583723940121985e-01 9.796386702234077815e-01
9.044997226843726201e-01 9.129052415733295289e-01 9.217678166836705822e-01 9.310473132568996002e-01 9.371458271496314607e-01 9.420543547212889557e-01 9.464108158310372554e-01 9.501152262292469342e-01 9.530269028484434912e-01 9.563322484471578067e-01 9.570598988609961832e-01 9.597732926906952233e-01 9.625270924314974774e-01 9.652983655295417353e-01 9.677808791391421250e-01 9.700127289542109787e-01 9.719771960574866698e-01
8.957042640140457923e-01 9.041487339689647795e-01 9.130468537513701799e-01 9.223591318830060004e-01 9.284733258582573701e-01 9.333956920232876486e-01 9.377686795107111895e-01 9.414924083645317410e-01 9.444242215342358859e-01 9.477612994493715970e-01 9.485106555869828870e-01 9.512743224585650248e-01 9.540836146890874225e-01 9.569158926019770695e-01 9.594736481581933596e-01 9.617829185314203944e-01 9.638270623706682860e-01
8.865401066253666418e-01 8.950146430762225824e-01 9.039394340520754412e-01 9.132755222111793580e-01 9.193989768619198477e-01 9.243295724140118130e-01 9.287138546536494177e-01 9.324520248453931348e-01 9.353996571850635711e-01 9.387635607082271960e-01 9.395318422493076360e-01 9.423409762105550147e-01 9.452009389138762430e-01 9.480893846593730911e-01 9.507174290754037971e-01 9.530994174444581413e-01 9.552187890085931388e-01
8.770343891189328334e-01 8.855304357321031050e-01 8.944733107718924048e-01 9.038245906898123572e-01 9.099511294961130092e-01 9.148845841239209298e-01 9.192751585179191887e-01 9.230230884053745033e-01 9.259824021574352138e-01 9.293684217072599729e-01 9.301529686529211860e-01 9.330029156782876365e-01 9.359088489898486074e-01 9.388487260451999772e-01 9.415421946267125142e-01 9.439922689740949391e-01 9.461824711943509492e-01
8.672136982643789960e-01 8.757230217835391128e-01 8.846757055055558538e-01 8.940340471830158231e-01 9.001575912417009162e-01 9.050887755368586252e-01 9.094808521049255745e-01 9.132340973580275190e-01 9.162011086420858152e-01 9.196047352517995321e-01 9.204030024173821545e-01 9.232892351019649224e-01 9.262365804653860391e-01 9.292232742575412541e-01 9.319773957304694489e-01 9.344909966178965854e-01 9.367476936244247820e-01
8.571039900447642301e-01 8.656186752077000834e-01 8.745732154835094141e-01 8.839302496727132752e-01 8.900455429971734223e-01 8.949695712186658270e-01 8.993585917028357191e-01 9.031128813693719559e-01 9.060838180500603301e-01 9.095007058438947523e-01 9.103102883471870799e-01 9.132284383997505417e-01 9.162127460137964308e-01 9.192417693562026093e-01 9.220518717734227376e-01 9.246245339700276400e-01 9.269434582068661888e-01
8.467305466752327314e-01 8.552429995914511140e-01 8.641917688206030013e-01 8.735400205322753076e-01 8.796415186453426793e-01 8.845537372773870644e-01 8.889353527859694681e-01 8.926866273460539736e-01 8.956578877212953982e-01 8.990838853030379552e-01 8.999024937014299397e-01 9.028483353359509911e-01 9.058653158393054072e-01 9.089322993842290366e-01 9.117938197196395755e-01 9.144211620896570691e-01 9.167976758107242441e-01
8.361179253487537322e-01 8.446208771933583215e-01 8.535565725072470356e-01 8.628887016924913222e-01 8.689712932387957389e-01 8.738672995060490223e-01 8.782373822249877060e-01 8.819817905356027721e-01 8.849499555760996783e-01 8.883810940261437361e-01 8.892065564744431327e-01 8.921760151933177951e-01 8.952215136019852082e-01 8.983222193871385208e-01 9.012305219735152750e-01 9.039084494161054861e-01 9.063393321505150979e-01
8.252895457096083298e-01 8.337763491826053475e-01 8.426920669906060590e-01 8.520010653277750867e-01 8.580598993747410308e-01 8.629355539473044789e-01 8.672901633804595001e-01 8.710240459077207564e-01 8.739858791322062670e-01 8.774183721280761628e-01 8.782486375549392044e-01 8.812377935356145997e-01 8.843077942466938124e-01 8.874381187603211929e-01 8.903890616699284832e-01 8.931132043945213539e-01 8.955939862789727979e-01
8.142639392376447294e-01 8.227305378116573920e-01 8.316210707254153567e-01 8.409008790534087119e-01 8.469315208822130181e-01 8.517828668052176422e-01 8.561183706976156493e-01 8.598382768728115577e-01 8.627907125176249581e-01 8.662209554885238472e-01 8.670540899375298594e-01 8.700591735732715604e-01 8.731498100452074196e-01 8.763057824876997470e-01 8.792951533491154548e-01 8.820614344667543349e-01 8.845881847089454020e-01
8.030476964856890776e-01 8.114953107575096913e-01 8.203599230617522053e-01 8.296081042338845357e-01 8.356075920593531992e-01 8.404317639436649223e-01 8.447451467756653676e-01 8.484480965922767126e-01 8.513884001220547448e-01 8.548130903922785961e-01 8.556472953516397473e-01 8.586647443505145416e-01 8.617723249718315381e-01 8.649501317962789981e-01 8.679738558728133935e-01 8.707783160930945288e-01 8.733472001306042953e-01
7.916292416001123877e-01 8.000666241021522351e-01 8.089115470014194287e-01 8.181315685753951517e-01 8.241007490104388378e-01 8.288973344969451373e-01 8.331875602255377489e-01 8.368720647594120043e-01 8.397985672232777254e-01 8.432154803318059333e-01 8.440492482839538901e-01 8.470763045523312940e-01 8.501978219081115506e-01 8.533942245142712713e-01 8.564486705400236044e-01 8.592876872719392711e-01 8.618951248894187733e-01
7.799734334667239866e-01 7.884189468158339098e-01 7.972596105171362302e-01 8.064637032189979626e-01 8.124082657417305287e-01 8.171805971074073138e-01 8.214497755388440181e-01 8.251168697721324996e-01 8.280298142259011618e-01 8.314388272990234086e-01 8.322711943869978146e-01 8.353068081574519521e-01 8.384409104279509917e-01 8.416542314499688704e-01 8.447370930875788275e-01 8.476081761629606914e-01 8.502515204165077556e-01
7.680156175931271978e-01 7.764998848086783756e-01 7.853632876518538142e-01 7.945745624822910802e-01 8.005066063079153693e-01 8.052628383326939643e-01 8.095171837608685639e-01 8.131713290928305193e-01 8.160735589592847949e-01 8.194775056480253506e-01 8.203081977734503205e-01 8.233538655315949528e-01 8.265017056165935294e-01 8.297326707752588071e-01 8.328439499108049038e-01 8.357465995430234385e-01 8.384249501176370689e-01
7.556527319779671181e-01 7.642226910979346144e-01 7.731509322870685486e-01 7.824064714386984587e-01 7.883460992007568224e-01 7.931004114016386719e-01 7.973512944042250306e-01 8.010011604438794786e-01 8.038987485721696968e-01 8.073042057932010573e-01 8.081337883869509353e-01 8.111942801122189461e-01 8.143603061136373000e-01 8.176129839942075650e-01 8.207557021740432557e-01 8.236921918509709784e-01 8.264071218226112236e-01
7.427277705413470876e-01 7.514538605384083469e-01 7.605102565164850725e-01 7.698660283743092858e-01 7.758439349397568963e-01 7.806182524117875055e-01 7.848835864460845801e-01 7.885431712502062318e-01 7.914462405486483165e-01 7.948644741766747179e-01 7.956944682623714460e-01 7.987787007862600097e-01 8.019715540123899533e-01 8.052541683489723434e-01 8.084353169346598644e-01 8.114115096454206366e-01 8.141678273072756600e-01
7.290088360961965996e-01 7.379932405243686544e-01 7.472711522460740996e-01 7.568105886408600380e-01 7.628724530143563554e-01 7.676995031697380067e-01 7.720061615583060366e-01 7.756966447239762585e-01 7.786206565545762404e-01 7.820691260606583706e-01 7.829022295677048326e-01 7.860245614324148367e-01 7.892583481687319713e-01 7.925845783977262249e-01 7.958162916856102997e-01 7.988427166514209254e-01 8.016494343041133952e-01
7.141639941582696993e-01 7.235517954421677445e-01 7.331841150800397777e-01 7.430273530147287753e-01 7.492395258147511727e-01 7.541674906841689952e-01 7.585552397478932951e-01 7.623081467949958112e-01 7.652762377498254498e-01 7.687812746992753743e-01 7.696217614091923620e-01 7.728042950611554440e-01 7.761008481310740503e-01 7.794919854136737047e-01 7.827935381977902951e-01 7.858871202225543584e-01 7.887589782035229202e-01
6.977068971941294828e-01 7.077119230052164589e-01 7.178910126112038048e-01 7.282097693395263027e-01 7.346667022837054528e-01 7.397633449203578904e-01 7.442888670539822282e-01 7.481494545031089904e-01 7.511950577995152312e-01 7.547952414671964538e-01 7.556493912607261665e-01 7.589252182925826373e-01 7.623175181264559841e-01 7.658059897488204149e-01 7.692071306017079779e-01 7.723942291229394241e-01 7.753543735563320771e-01
6.788757231144507687e-01 6.898369279124397790e-01 7.008592886377498221e-01 7.119110225530688174e-01 7.187499793013063520e-01 7.241136505150267411e-01 7.288580684512936392e-01 7.328907648207554359e-01 7.360612729995597014e-01 7.398116548094040290e-01 7.406880297080464803e-01 7.441049308983112009e-01 7.476408895869824933e-01 7.512741310890995727e-01 7.548189217565495213e-01 7.581389479412978805e-01 7.612223578465157070e-01
6.563654765258075674e-01 6.688696676435234023e-01 6.812346634645696231e-01 6.934383684708148587e-01 7.008756854579636375e-01 7.066570150144880769e-01 7.117433143605128576e-01 7.160445396064476498e-01 7.194100408442508643e-01 7.233920092231252985e-01 7.243023045644534363e-01 7.279308971191630340e-01 7.316811573161052795e-01 7.355289753136290409e-01 7.392823004829404132e-01 7.427932880868213239e-01 7.460515607178939135e-01
6.277773942653300798e-01 6.428858888380898362e-01 6.575060747157061014e-01 6.716131272548513387e-01 6.800232751218483473e-01 6.864771270588679863e-01 6.921096090772511644e-01 6.968367058610044351e-01 7.005097735456415897e-01 7.048534952135850906e-01 7.058145170798769685e-01 7.097669456379450681e-01 7.138428740615719859e-01 7.180143954283570995e-01 7.220769826006805392e-01 7.258683576230257062e-01 7.293805403872288817e-01
5.889091990006306565e-01 6.082615955730462654e-01 6.267855168411937683e-01 6.442192529240019505e-01 6.543073930670714189e-01 6.619084254301703663e-01 6.684636971292584606e-01 6.739025051090312690e-01 6.780843038734719608e-01 6.830216424014041721e-01 6.840589875091145355e-01 6.885331096098313841e-01 6.931292738428311839e-01 6.978129338908368728e-01 7.023564556183469199e-01 7.065787295309137184e-01 7.104763777076449349e-01
5.375789835533792971e-01 5.601373625779978438e-01 5.838727786616304538e-01 6.068999390650846593e-01 6.199626492913209441e-01 6.296167868713868909e-01 6.378288244148786479e-01 6.445382193895267120e-01 6.496197410756558988e-01 6.556078940445285719e-01 6.567580297840756032e-01 6.621457033798104908e-01 6.676465156702405812e-01 6.732115625406261961e-01 6.785677722157288372e-01 6.835076893521547792e-01 6.880377811511162456e-01
4.858188756258980390e-01 5.049377878623390048e-01 5.278559649192264835e-01 5.541511743757395747e-01 5.705483728455240655e-01 5.831364399216872885e-01 5.940594835737520452e-01 6.029827865647275909e-01 6.096682615708254316e-01 6.176149115209861318e-01 6.188806753959923412e-01 6.260084809649906212e-01 6.332487178147566675e-01 6.405071093088995360e-01 6.474033885567056501e-01 6.536862050031735372e-01 6.593826188762464957e-01
4.421818466429275341e-01 4.568284093796020628e-01 4.746271305925325867e-01 4.961184068054806939e-01 5.102946209623429041e-01 5.219590972903526138e-01 5.329916362231512661e-01 5.426361247043159919e-01 5.501662218257549197e-01 5.599371585085076708e-01 5.607825565399089385e-01 5.701909042339811107e-01 5.802606602211256570e-01 5.906854008957312940e-01 6.006704668388912483e-01 6.097529720979206758e-01 6.179139497223858912e-01
4.056085951744372586e-01 4.169160322470752966e-01 4.306654482702599318e-01 4.472166399726298924e-01 4.576611011769828874e-01 4.659838087025072184e-01 4.738249416534428549e-01 4.805712540405524535e-01 4.856596272112767010e-01 4.927976019831457610e-01 4.922342974388641546e-01 4.994083560455564452e-01 5.078704674874001679e-01 5.176723492860995091e-01 5.281002364985158959e-01 5.387138656205442411e-01 5.492486535437430817e-01
3.744973194626355362e-01 3.832933568778164601e-01 3.940357059596647504e-01 4.069620019505440500e-01 4.146951815760610005e-01 4.205609127482864973e-01 4.259548358015591840e-01 4.303462494941570071e-01 4.333397876684539352e-01 4.378117305713993823e-01 4.362741155877274957e-01 4.405993849323864286e-01 4.458559112767633836e-01 4.520815127085514584e-01 4.586546617797526704e-01 4.654417352223197413e-01 4.723558012956332597e-01
3.476951257815107943e-01 3.545656535498108441e-01 3.630259362947274582e-01 3.732346619245129893e-01 3.789860239524853736e-01 3.830921977859080285e-01 3.867590680321152385e-01 3.895199635147183481e-01 3.910947641346212422e-01 3.937663159616492381e-01 3.916456144770564807e-01 3.940875537526076222e-01 3.972281348254289024e-01 4.010756089103174049e-01 4.050410615059821806e-01 4.091119032102795150e-01 4.132180125361420431e-01
