1.025547404366111276e-01 9.858797545961515973e-02 9.478979901083624260e-02 9.116662710252113055e-02 8.291736160961865609e-02 7.839917276340185870e-02 7.288564886505308205e-02 6.755042485494869298e-02 6.421245665505152800e-02 5.763741330760573101e-02 5.471222473630614480e-02 5.003666146134060771e-02 4.612388699760867905e-02 4.279222218195000843e-02 4.013432901613336878e-02 3.688997825217030235e-02 3.366852279601482978e-02
1.431659410639138930e-01 1.363551065293745757e-01 1.298542645568520892e-01 1.236950673783630411e-01 1.135918238280500536e-01 1.069516240436441251e-01 9.982057219479906207e-02 9.308460247355976325e-02 8.798604668678411400e-02 7.982590015846866005e-02 7.523689557632011471e-02 6.915001057470634982e-02 6.408386091678495988e-02 5.975468887522004946e-02 5.601638415289020984e-02 5.175871958787695709e-02 4.756979394752024887e-02
1.942740797399151453e-01 1.840385318038107176e-01 1.744203786535895306e-01 1.653849872263334075e-01 1.530144382005645121e-01 1.436059271556678341e-01 1.340991400356324192e-01 1.252118067063943962e-01 1.178348884581160438e-01 1.079960380023074346e-01 1.016343456580407756e-01 9.391832281231109192e-02 8.727585084002321969e-02 8.145974038418976604e-02 7.619040071013459536e-02 7.065222395340470252e-02 6.542585835063938204e-02
2.568818464661076773e-01 2.422701114102573661e-01 2.286632739797171965e-01 2.160372383000523921e-01 2.008475836240731782e-01 1.883509556233843585e-01 1.762461479675908327e-01 1.648492108021805125e-01 1.547831182077354928e-01 1.426973344116974629e-01 1.340362128613240833e-01 1.242296471421773796e-01 1.157594752912413649e-01 1.083020236276105580e-01 1.013124688194817352e-01 9.425129792641605275e-02 8.764613115519441500e-02
3.297638162357501290e-01 3.120002176751808798e-01 2.924193710627631670e-01 2.758634582195378382e-01 2.573778548945882538e-01 2.412112561041442615e-01 2.259008390933747723e-01 2.114381975352616627e-01 1.984048374940457771e-01 1.839002604305473576e-01 1.727266687731062178e-01 1.605209441948966531e-01 1.496010062631090431e-01 1.401028391836979525e-01 1.312036330492951097e-01 1.224014796610087552e-01 1.143909820594034149e-01
4.118474752464041932e-01 3.868636833718258616e-01 3.642374203398258681e-01 3.434708602478007688e-01 3.213878621968567217e-01 3.013287557387364091e-01 2.826444309472481153e-01 2.648715825002516677e-01 2.486030865549444524e-01 2.311623602676195210e-01 2.170309737234383807e-01 2.020175190562748524e-01 1.888268427328258225e-01 1.770793854224098351e-01 1.658205951545653201e-01 1.551373624951255803e-01 1.453481438719309571e-01
5.002920257806452442e-01 4.700289910161889462e-01 4.424095976252359619e-01 4.171883938240254497e-01 3.914080627927386535e-01 3.673213396194072167e-01 3.451081086385816010e-01 3.237727061075552637e-01 3.039431829774069116e-01 2.835483063610493293e-01 2.664040835519066452e-01 2.485250919314245521e-01 2.326905104055463913e-01 2.184975055007769562e-01 2.047764974864823839e-01 1.919458513062980987e-01 1.802234537131212899e-01
5.926879219859477743e-01 5.569659206366762705e-01 5.244353572157716137e-01 4.948322048380768279e-01 4.653851852863828409e-01 4.374539579186076388e-01 4.115840619674815404e-01 3.866557034331040144e-01 3.634487664657283790e-01 3.398319018925728963e-01 3.197457603546666749e-01 2.988258330080758030e-01 2.802541562247775064e-01 2.635120466029655661e-01 2.472331197495747923e-01 2.321528780743579434e-01 2.183938762111413689e-01
6.856042232851338181e-01 6.445364898134794407e-01 6.074103694090781103e-01 5.737513704239654011e-01 5.408719420526288957e-01 5.092742282528754938e-01 4.798825710627942498e-01 4.516364097583172588e-01 4.250972846243280534e-01 3.984420196215124332e-01 3.754198397867708481e-01 3.516047639803496216e-01 3.303247206972295125e-01 3.110416857962323700e-01 2.922068132771977189e-01 2.748616962010986819e-01 2.590417863471370929e-01
7.745365034729588816e-01 7.292723752505646528e-01 6.882956794501928766e-01 6.511532984366205090e-01 6.152607901738196272e-01 5.804295850955482061e-01 5.479618127083596413e-01 5.166610681074674805e-01 4.870965601321978755e-01 4.576355422906793757e-01 4.317842758061705699e-01 4.055910976554198411e-01 3.815505446348940177e-01 3.598469015216261280e-01 3.385660835942609359e-01 3.190376936853647760e-01 3.012161497210403271e-01
8.569237369404704152e-01 8.082591247537971313e-01 7.642580873605646641e-01 7.243881777280166689e-01 6.860657679445222312e-01 6.485953409629409139e-01 6.137617015125870212e-01 5.797173559876627191e-01 5.475746019477196747e-01 5.156813507855851908e-01 4.875918422252840667e-01 4.586860123115492627e-01 4.325551726582292367e-01 4.086570909867789925e-01 3.851471970749003604e-01 3.636058228600404507e-01 3.439226435673594096e-01
9.298204615765746084e-01 8.789277958053437478e-01 8.329131012483311780e-01 7.911941752698398167e-01 7.511494829824629793e-01 7.117565514437506069e-01 6.750403130936898366e-01 6.390072814648638522e-01 6.048449619332664229e-01 5.710057604027951594e-01 5.408720685449146526e-01 5.101179275420399950e-01 4.820513525663676635e-01 4.562760627566050387e-01 4.308349539844197884e-01 4.075299464322894583e-01 3.861971629895407099e-01
9.914157858012454527e-01 9.394654962126774977e-01 8.925527212881421146e-01 8.499139142502977196e-01 8.089141491714986199e-01 7.683691936585789195e-01 7.304701591639519709e-01 6.931147082725291897e-01 6.575595581136505219e-01 6.223270851036754037e-01 5.907779491827777063e-01 5.585280460803980773e-01 5.289515339217850665e-01 5.016756416895841175e-01 4.746653382716221059e-01 4.499006188793857608e-01 4.271848587957578491e-01
1.040863811326120825e+00 9.891338423952077408e-01 9.422396211359816975e-01 8.995765469796518365e-01 8.583917766494303381e-01 8.174651216822139688e-01 7.790881035927598175e-01 7.410897949209160895e-01 7.047801745508857074e-01 6.687318093403288310e-01 6.362950613082347662e-01 6.030575847512115173e-01 5.724273155628208931e-01 5.440616256572506915e-01 5.158532405766916851e-01 4.899923082064120416e-01 4.661900736803563650e-01
1.078242026535233933e+00 1.027709141734593601e+00 9.817866450371767195e-01 9.399017158315883247e-01 8.992467737380585024e-01 8.586582885823370592e-01 8.204584702576188660e-01 7.824577074740833860e-01 7.460067524440159303e-01 7.097009779469209967e-01 6.768919070772965174e-01 6.431672299528271575e-01 6.119403266619457549e-01 5.828982333935857074e-01 5.539354212425390278e-01 5.272804120539399397e-01 5.027025798224979969e-01
1.104433488284215059e+00 1.055919727822965948e+00 1.011701037023136296e+00 9.712513550799900530e-01 9.317398105999215030e-01 8.921057479101622834e-01 8.546566578461328723e-01 8.172206195354614344e-01 7.811676930035209576e-01 7.451099160998695403e-01 7.123996399631749021e-01 6.786509137945587744e-01 6.472504654785791178e-01 6.179207432424530522e-01 5.885601090816497960e-01 5.614696266244093570e-01 5.364158752714710543e-01
1.120870573209340026e+00 1.074965377740977113e+00 1.032989185713183433e+00 9.944596314496849665e-01 9.565771870102900420e-01 9.183907918327051112e-01 8.821488656064092604e-01 8.457437773440562578e-01 8.105333245907676565e-01 7.751531586678482855e-01 7.429399709118358341e-01 7.095676085839022207e-01 6.783672047068917133e-01 6.490949526500255917e-01 6.196532506705846322e-01 5.924527101861992717e-01 5.671990832262486792e-01
1.129264688598651256e+00 1.086329473921810340e+00 1.046935245260046443e+00 1.010656453762689200e+00 9.747401329858611518e-01 9.383558235037461337e-01 9.036586434458659944e-01 8.686361042470750471e-01 8.346074955788258531e-01 8.002425255586222974e-01 7.688450189338837948e-01 7.361730609301914141e-01 7.054795579884192147e-01 6.765542211907342729e-01 6.473660881980746185e-01 6.202701133129491229e-01 5.950540138358137998e-01
1.131420727370710866e+00 1.091615882638346191e+00 1.054968561222555001e+00 1.021108629753803676e+00 9.873642354380988140e-01 9.530029720573648389e-01 9.200669912165442277e-01 8.866644168370085843e-01 8.540507402813920512e-01 8.209446186559368197e-01 7.905951229555288062e-01 7.588583990232437015e-01 7.289141891618450275e-01 7.005630219019539640e-01 6.718345433805485989e-01 6.450769504568484303e-01 6.200941460307063391e-01
1.129010377460617276e+00 1.092333387576173820e+00 1.058452595151118336e+00 1.027056285480130393e+00 9.955654115952841110e-01 9.633288523118588298e-01 9.322653893497389044e-01 9.006151549960974556e-01 8.695536554549878616e-01 8.378604949248668055e-01 8.087102120322500198e-01 7.780847719467768320e-01 7.490439468943823620e-01 7.214316256987376441e-01 6.933346029817579748e-01 6.670756536988583507e-01 6.424775245976083182e-01
1.123516170151683369e+00 1.089842291310381794e+00 1.058644647467926747e+00 1.029650643299502732e+00 1.000394987903242106e+00 9.702874154031395637e-01 9.411173754487427434e-01 9.112623624569645697e-01 8.818065134054356990e-01 8.516020413314547843e-01 8.237280996538581812e-01 7.943026177882865912e-01 7.662701933966222789e-01 7.395071006252948997e-01 7.121563896305628250e-01 6.865091331378421202e-01 6.624052595935385757e-01
1.116118232888240858e+00 1.085245253847838987e+00 1.056566027802652075e+00 1.029845286452925501e+00 1.002732396844233653e+00 9.746836051979685944e-01 9.473601948390414362e-01 9.192733900069665065e-01 8.914122907132855378e-01 8.627076911441194929e-01 8.361317124658776967e-01 8.079366129072300673e-01 7.809646284741424971e-01 7.551081019188298216e-01 7.285706823758092421e-01 7.036064019152908910e-01 6.800677290785333007e-01
1.107742055984466845e+00 1.079419195126338327e+00 1.053049312679304128e+00 1.028427460968998730e+00 1.003315532427564882e+00 9.772023747204470201e-01 9.516298123642529250e-01 9.252333339050834438e-01 8.989077866189894017e-01 8.716656432005168709e-01 8.463591108181399703e-01 8.193850098479625865e-01 7.934769131970230704e-01 7.685465917801888036e-01 7.428520834099361370e-01 7.186036333102836515e-01 6.956688620183918426e-01
1.099110836668539815e+00 1.073065948316610285e+00 1.048773058628748478e+00 1.026051252896048371e+00 1.002767368388285618e+00 9.784354231080888420e-01 9.544860751246507791e-01 9.296673403988535700e-01 9.047853374011658456e-01 8.789306300063994826e-01 8.548364985266180271e-01 8.290364102079526010e-01 8.041642285408890922e-01 7.801469315690124917e-01 7.552920108419044487e-01 7.317644286590405667e-01 7.094456768980225148e-01
1.090790525884540951e+00 1.066750623526550923e+00 1.044297062376116525e+00 1.023269278086193612e+00 1.001626878407453347e+00 9.789056378273948145e-01 9.564348268841560419e-01 9.330611202727985276e-01 9.095102307846910650e-01 8.849466443691047512e-01 8.619846564007674905e-01 8.372883041987148056e-01 8.133994660170585922e-01 7.902594777936968740e-01 7.662170842715203545e-01 7.433930665930190695e-01 7.216811307757665661e-01
1.083213944334338708e+00 1.060918382275949368e+00 1.040075808139168334e+00 1.020538704663215279e+00 1.000353937112336666e+00 9.790710695865775248e-01 9.579276765120018355e-01 9.358601547452831682e-01 9.135188104789464525e-01 8.901374298435702492e-01 8.682155735004578601e-01 8.445405196665080050e-01 8.215699293325664510e-01 7.992548857560756170e-01 7.759821482558630912e-01 7.538292429971666930e-01 7.327006971148670722e-01
1.076665423626797624e+00 1.055877427810285596e+00 1.036435676712587295e+00 1.018203437135436706e+00 9.993008578375964790e-01 9.792902852037081995e-01 9.593342393920565314e-01 9.384348647317987124e-01 9.171835647772234035e-01 8.948747221947711550e-01 8.738991251547401085e-01 8.511583829103789300e-01 8.290349018392374481e-01 8.074877349139301108e-01 7.849337412113003287e-01 7.634116663396822711e-01 7.428347839444497946e-01
1.071366873121016638e+00 1.051878971684684583e+00 1.033652364825021985e+00 1.016559017206430937e+00 9.987816208539845864e-01 9.798942439637232660e-01 9.609926957986195672e-01 9.411357367281939501e-01 9.208631526877596452e-01 8.995244494193982421e-01 8.794034581711495102e-01 8.575130797474979083e-01 8.361663563929606635e-01 8.153276205441217783e-01 7.934415610039966538e-01 7.725074967170127982e-01 7.524473971000621431e-01
1.067326506854470614e+00 1.048964610156264632e+00 1.031797489844918259e+00 1.015703197672918501e+00 9.989170116776230346e-01 9.810246230429624514e-01 9.630650342043618473e-01 9.441412991206170613e-01 9.247524279513091860e-01 9.042940977083683274e-01 8.849490295850330757e-01 8.638346122995834708e-01 8.432028194066640836e-01 8.230234280244289602e-01 8.017570740520802985e-01 7.813729283054540176e-01 7.617984765816581127e-01
1.064233958872774055e+00 1.046861739856765228e+00 1.030632026108564192e+00 1.015427031599475560e+00 9.995260277440576324e-01 9.825273738366118170e-01 9.654231336818072107e-01 9.473458743206093491e-01 9.287686746095481505e-01 9.091199851165123746e-01 8.904907089644414908e-01 8.700969537006872923e-01 8.501350842263762919e-01 8.305758790456114760e-01 8.099000880132517510e-01 7.900402807758705181e-01 7.709317837199974877e-01
1.061506484323077704e+00 1.045025213183855994e+00 1.029644376903627201e+00 1.015249830261947039e+00 1.000157373214621392e+00 9.839796465081600552e-01 9.676712961990245887e-01 9.503791006137783937e-01 9.325673551014779239e-01 9.136819703306463536e-01 8.957305278854242880e-01 8.760243932058057181e-01 8.567088802266228376e-01 8.377534956360535023e-01 8.176535484635022444e-01 7.983103087428008449e-01 7.796648336497994380e-01
1.058521678290615275e+00 1.042862171453625475e+00 1.028268652444662701e+00 1.014629600696602019e+00 1.000290867549179952e+00 9.848855146968041874e-01 9.693287606725674577e-01 9.527882409114085682e-01 9.357157863454984570e-01 9.175667095643249560e-01 9.002738856215700691e-01 8.812434604205966471e-01 8.625668371395023293e-01 8.442154561556003411e-01 8.246943862677763581e-01 8.058755755749537064e-01 7.877048745307828614e-01
1.055515318127158819e+00 1.040611181097028659e+00 1.026745451731336134e+00 1.013807991954059018e+00 1.000170657618388192e+00 9.854888097420638760e-01 9.706423156445299627e-01 9.548142429366822670e-01 9.384518996720295769e-01 9.210076716192177049e-01 9.043523804635114072e-01 8.859807166363282693e-01 8.679324725975949839e-01 8.501774179857370939e-01 8.312327292162157155e-01 8.129406957896752051e-01 7.952512150680052239e-01
1.052757400123667919e+00 1.038540900663367017e+00 1.025340793100997239e+00 1.013048198677721556e+00 1.000058055203435270e+00 9.860471712734576455e-01 9.718628062377849819e-01 9.567066672327655397e-01 9.410178401778317436e-01 9.242426855963630228e-01 9.081982820758827124e-01 8.904607000378587101e-01 8.730204795072323831e-01 8.558465234427663493e-01 8.374670829172132791e-01 8.197045580863987491e-01 8.024850792813021938e-01
1.050346265083285102e+00 1.036749554688085606e+00 1.024152707225332692e+00 1.012446880729885645e+00 1.000050458726531533e+00 9.866556583002501490e-01 9.730822720556703276e-01 9.585547302100186906e-01 9.434985139786646879e-01 9.273554244050522533e-01 9.118916177928492184e-01 8.947588837990685384e-01 8.779011470399309403e-01 8.612863724242686425e-01 8.434543437232703278e-01 8.261901387148908871e-01 8.094497658013214414e-01
1.048248995455905774e+00 1.035206958111940079e+00 1.023152392416315948e+00 1.011978026320608626e+00 1.000122023941358629e+00 9.872893367441505363e-01 9.742754517709040218e-01 9.603312638394629897e-01 9.458638432646446770e-01 9.303160474424662096e-01 9.154009870014175876e-01 8.988400086065101435e-01 8.825354421032733931e-01 8.664542419224261494e-01 8.491474078829133187e-01 8.323724722850347479e-01 8.160887568445238660e-01
1.046391915610683787e+00 1.033844570373433136e+00 1.022276686601124807e+00 1.011580592316668969e+00 1.000211768860062689e+00 9.878914528590957422e-01 9.753860037006647499e-01 9.619783510044578323e-01 9.480522987479782504e-01 9.330635461852967438e-01 9.186630158558614090e-01 9.026395906111763789e-01 8.868564368718766522e-01 8.712790736537240344e-01 8.544709434122188529e-01 8.381651277443390446e-01 8.223217303570402592e-01
1.044682658624716654e+00 1.032574793301644034e+00 1.021441356526579636e+00 1.011174623015219209e+00 1.000241229238229668e+00 9.883884314118377423e-01 9.763426537125980964e-01 9.634249601092789161e-01 9.499930824050542011e-01 9.355249444630179267e-01 9.216023494477416644e-01 9.060802491053392416e-01 8.907847928144227989e-01 8.756803348818472665e-01 8.593441540617574592e-01 8.434845610627755841e-01 8.280630790029582800e-01
1.043069289419418677e+00 1.031348409274849720e+00 1.020599558311387156e+00 1.010714528404930590e+00 1.000168533418847927e+00 9.887398898666857061e-01 9.771084687500678490e-01 9.646346297514531987e-01 9.516522753979281823e-01 9.376633837253949277e-01 9.241810276918266398e-01 9.091212246625456350e-01 8.942778238258423107e-01 8.796139274340205594e-01 8.637214271742137406e-01 8.482837629753909869e-01 8.332634004298126174e-01
1.041602731418449945e+00 1.030218127624028535e+00 1.019805093451032763e+00 1.010255232617499610e+00 1.000052153728780313e+00 9.890021320307753605e-01 9.777416693320499785e-01 9.656674010894127358e-01 9.530910147860656156e-01 9.395373079112508963e-01 9.264582702452428542e-01 9.118194141521061002e-01 8.973900206021907522e-01 8.831318081541024156e-01 8.676520988995468642e-01 8.526091062842475754e-01 8.379661136396838739e-01
1.040281857623124306e+00 1.029185885905849362e+00 1.019063034386372246e+00 1.009804577540241999e+00 9.999045478013616206e-01 9.891875821802774693e-01 9.782580057686928177e-01 9.665402986598857771e-01 9.543305290985176770e-01 9.411694109965632604e-01 9.284602397459796874e-01 9.142027653812875299e-01 9.001505631886593806e-01 8.862629461792812524e-01 8.711634815011445321e-01 8.564864131885990828e-01 8.421952780384863724e-01
1.039166181122687549e+00 1.028315056484246925e+00 1.018440452887857228e+00 1.009432732012017775e+00 9.997994717496982986e-01 9.893731419595114263e-01 9.787372753223457789e-01 9.673356839586859657e-01 9.554548585136342087e-01 9.426461724438807144e-01 9.302753432832419067e-01 9.163628800448129219e-01 9.026520070922536831e-01 8.891000065824041787e-01 8.743470677997823293e-01 8.600048443586277847e-01 8.460368006998759682e-01
1.038232296332734839e+00 1.027588172264538580e+00 1.017925082892216615e+00 1.009132673909822087e+00 9.997325432432994097e-01 9.895592237920106671e-01 9.791827319100141480e-01 9.680603240865045533e-01 9.564732126848812799e-01 9.439789208551291333e-01 9.319144438138932118e-01 9.183131195558479343e-01 9.049096267288735396e-01 8.916594894183302866e-01 8.772191283777590609e-01 8.631796241838144423e-01 8.495038584841346774e-01
1.037477214450434726e+00 1.027006862253292629e+00 1.017522904696992914e+00 1.008914202183142317e+00 9.997145876347937055e-01 9.897597978539958152e-01 9.796092168299512792e-01 9.687309672020472107e-01 9.574025115369139138e-01 9.451847810677588280e-01 9.333922731902705161e-01 9.200675291752157259e-01 9.069374828953022938e-01 8.939560360371647807e-01 8.797948863436647615e-01 8.660256458315687134e-01 8.526105590951753577e-01
1.036846104440897864e+00 1.026519919177159457e+00 1.017186075368171849e+00 1.008732695756003883e+00 9.997022984806600565e-01 9.899334177436373006e-01 9.799761761313994235e-01 9.693094188506734543e-01 9.582059845268683373e-01 9.462281693937135696e-01 9.346736439159484267e-01 9.215919257882623228e-01 9.087029240965667221e-01 8.959594589783044238e-01 8.820472604391261795e-01 8.685191582459286241e-01 8.553369058250408496e-01
1.036296864002431484e+00 1.026087898970333478e+00 1.016877671524505811e+00 1.008553536695741881e+00 9.996638538661760665e-01 9.900511328319822058e-01 9.802579861735690736e-01 9.697727911990059457e-01 9.588645408646907509e-01 9.470937620314626715e-01 9.357470637726714724e-01 9.228786590637001463e-01 9.102028376323141323e-01 8.976713242094517264e-01 8.839830227579664745e-01 8.706725407793041160e-01 8.577013002908636663e-01
1.035781589326315366e+00 1.025666613144099459e+00 1.016557043936584304e+00 1.008339478408492473e+00 9.995666796582417524e-01 9.900860359707187586e-01 9.804327773969846449e-01 9.701039917364918663e-01 9.593673400766108417e-01 9.477770186615229742e-01 9.366140486772606133e-01 9.239359651655659755e-01 9.114518701356247865e-01 8.991124445793093889e-01 8.856289453328681782e-01 8.725185018630305933e-01 8.597421574649820597e-01
1.035381066075977463e+00 1.025340308814960855e+00 1.016312001597101888e+00 1.008181999566137410e+00 9.995065269640140970e-01 9.901389456515649057e-01 9.806063004651497383e-01 9.704131099798043447e-01 9.598288470337499323e-01 9.483984480340204026e-01 9.373994677509510653e-01 9.248935683158329146e-01 9.125840829390107212e-01 9.004203721108388070e-01 8.871253084985274429e-01 8.741995904245726257e-01 8.616034956464816430e-01
1.034942121454204056e+00 1.024962913497343031e+00 1.016002929140159550e+00 1.007947224383924034e+00 9.993561535108013150e-01 9.900896440025142020e-01 9.806653228278583434e-01 9.705932647138730829e-01 9.601484713634255153e-01 9.488640739418995329e-01 9.380149800632794355e-01 9.256690031141446839e-01 9.135218533289058973e-01 9.015215195445703822e-01 8.884020069453459900e-01 8.756480502986473402e-01 8.632196812678735176e-01
1.034525840931385776e+00 1.024598880961336889e+00 1.015697561569931962e+00 1.007706113924524693e+00 9.991897794360229401e-01 9.900149988686786084e-01 9.806893239241079030e-01 9.707268178344374832e-01 9.604094970476642068e-01 9.492592902600459626e-01 9.385469048764583100e-01 9.263487995131585162e-01 9.143513102437207385e-01 9.025010582251721258e-01 8.895426224145148719e-01 8.769458321282297408e-01 8.646702030373893955e-01
1.034165847652816161e+00 1.024284478526925612e+00 1.015434453818230276e+00 1.007499327524178145e+00 9.990501346347864242e-01 9.899592876894273141e-01 9.807233829379464751e-01 9.708601171623092441e-01 9.606582301673582958e-01 9.496306132634713126e-01 9.390416445520912703e-01 9.269784999411602167e-01 9.151168745419777650e-01 9.034021783352969015e-01 8.905890967433057748e-01 8.781336028506488978e-01 8.659949312866462856e-01
1.033858326567157260e+00 1.024017273942881001e+00 1.015212551023884302e+00 1.007327198552906644e+00 9.989389321116080023e-01 9.899243911013924091e-01 9.807701625963665126e-01 9.709971434223639841e-01 9.608983854424931748e-01 9.499817836377837388e-01 9.395033177376461708e-01 9.275620437781731953e-01 9.158225907783569264e-01 9.042291112011537901e-01 8.915446474013295486e-01 8.792173498580772018e-01 8.672011841778650698e-01
1.033565324862727230e+00 1.023760503748475381e+00 1.014996384571899002e+00 1.007155514167621169e+00 9.988233889489593897e-01 9.898783865084218592e-01 9.807987442044586723e-01 9.711070683206597387e-01 9.611015060236589580e-01 9.502858778328228118e-01 9.399065330902264259e-01 9.280755373334623748e-01 9.164467386603381005e-01 9.049629638544143262e-01 8.923978200537651118e-01 8.801833795781416336e-01 8.682785141453869260e-01
1.033217088061693101e+00 1.023446156543986740e+00 1.014719943381892087e+00 1.006920436591517198e+00 9.986416264728159575e-01 9.897611875234830769e-01 9.807510369673465567e-01 9.711353525957424626e-01 9.612149464569063051e-01 9.504925384138852573e-01 9.402039203496431741e-01 9.284753102086573673e-01 9.169483866699293939e-01 9.055662239401519598e-01 8.931106853618601127e-01 8.810033002831626492e-01 8.692029618975373184e-01
1.032962617396797844e+00 1.023223580242948350e+00 1.014532634612346218e+00 1.006771802832405083e+00 9.985438410247944319e-01 9.897235811014722939e-01 9.807784066844094095e-01 9.712335562063747485e-01 9.613917655874948398e-01 9.507559376860494904e-01 9.405507412035277737e-01 9.289173715736477321e-01 9.174859789898592854e-01 9.061990431283128977e-01 8.938468980853896406e-01 8.818411570044600856e-01 8.701405849387213731e-01
1.032624147675076820e+00 1.022919369487512276e+00 1.014265454522643495e+00 1.006544452729787764e+00 9.983687604903469515e-01 9.896084832398784892e-01 9.807280413555036214e-01 9.712535160685309421e-01 9.614888711283109402e-01 9.509383115678956555e-01 9.408144479441409302e-01 9.292751970127385297e-01 9.179384320514485385e-01 9.067463351881647204e-01 8.944974881477453232e-01 8.825935313206403343e-01 8.709930885774761489e-01
1.032261641179854195e+00 1.022594560945889741e+00 1.013981475645615804e+00 1.006303803474731362e+00 9.981833951366615443e-01 9.894852661374884395e-01 9.806716031003284151e-01 9.712693389409956524e-01 9.615830686636108737e-01 9.511190933218658383e-01 9.410768998885439274e-01 9.296332956979416196e-01 9.183926477892022655e-01 9.072970364177127545e-01 8.951531603369951018e-01 8.833524511519702527e-01 8.718532851508966619e-01
1.031902602957238235e+00 1.022280587379791106e+00 1.013714769506206315e+00 1.006086540760788184e+00 9.980268607899963618e-01 9.893956167031715543e-01 9.806533201953611112e-01 9.713275720555660797e-01 9.617235465245145276e-01 9.513500198984006229e-01 9.413918228287626588e-01 9.300471121203671698e-01 9.189058183527099022e-01 9.079095100861067635e-01 8.958730704871796791e-01 8.841771989182611868e-01 8.727808009431429204e-01
1.031468322624447431e+00 1.021901654984289198e+00 1.013393185693876264e+00 1.005824004396901561e+00 9.978334438890059666e-01 9.892769725460668351e-01 9.806134425471373373e-01 9.713713707552324994e-01 9.618558784376448623e-01 9.515791302806654306e-01 9.417093185287115364e-01 9.304689901025643417e-01 9.194318183523197963e-01 9.085391132089500887e-01 8.966139814211666614e-01 8.850265997283045527e-01 8.737350891666912922e-01
1.030955966060450590e+00 1.021458315858381649e+00 1.013019891574143960e+00 1.005521520196297924e+00 9.976100994171490655e-01 9.891377266368351906e-01 9.805615715498434692e-01 9.714113258621588365e-01 9.619915545140075297e-01 9.518187454506150669e-01 9.420422887751083163e-01 9.309123684231168649e-01 9.199847060527789333e-01 9.092005333157489044e-01 8.973912870466850267e-01 8.859161363130244604e-01 8.747331855315886306e-01
1.030360157202756755e+00 1.020946787176139958e+00 1.012592571096575078e+00 1.005178437492349364e+00 9.973571857184285738e-01 9.889792394638097228e-01 9.804998105502059635e-01 9.714502522379890870e-01 9.621340035616239295e-01 9.520730713023044522e-01 9.423956868592515690e-01 9.313831275694749445e-01 9.205714100433189939e-01 9.099017564171997252e-01 8.982142418826524199e-01 8.868566092590238759e-01 8.757870347363003738e-01
1.029672649102834070e+00 1.020360073301149972e+00 1.012105579905969499e+00 1.004790241909551574e+00 9.970711290932533499e-01 9.887987327744802712e-01 9.804262322131812590e-01 9.714870941038477037e-01 9.622831990625383414e-01 9.523431906588417650e-01 9.427717484500445222e-01 9.318848318808575781e-01 9.211968752858874510e-01 9.106491790973482159e-01 8.990907118954242216e-01 8.878573493375044867e-01 8.769073659981841962e-01
1.028884462499533692e+00 1.019690384969712760e+00 1.011552204995791460e+00 1.004351352918132489e+00 9.967473717066821504e-01 9.885927352382244404e-01 9.803384530695450350e-01 9.715206717174209583e-01 9.624391777562890660e-01 9.526305754276384041e-01 9.431732376176136246e-01 9.324217379304766684e-01 9.218668116255974709e-01 9.114499121477015464e-01 9.000293281903990472e-01 8.889284235266157186e-01 8.781056084342410140e-01
1.027988790843206601e+00 1.018932116516242603e+00 1.010928078172990130e+00 1.003858462868560730e+00 9.963837615418943416e-01 9.883602754925948641e-01 9.802367129986120364e-01 9.715524746450908689e-01 9.626047823707115647e-01 9.529393519518886135e-01 9.436055268163979770e-01 9.330006609034523501e-01 9.225893748271456474e-01 9.123134561587935565e-01 9.010410104004971110e-01 8.900820970903452478e-01 8.793953252218378314e-01
1.026970169799795052e+00 1.018071116361490613e+00 1.010220251073978615e+00 1.003299952052274291e+00 9.959698734495463501e-01 9.880921559383192276e-01 9.801130324361316815e-01 9.715757796213613240e-01 9.627744753253331123e-01 9.532654557919169047e-01 9.440656654261677661e-01 9.336199412513536133e-01 9.233644325592295088e-01 9.132410614891486311e-01 9.021284536790642461e-01 8.913224759405278252e-01 8.807819590648624519e-01
1.025818026305634456e+00 1.017098076239349336e+00 1.009420719720030668e+00 1.002669015273975450e+00 9.955000194369406641e-01 9.877837827031691331e-01 9.799639236501693773e-01 9.715882122586815273e-01 9.629470171691175695e-01 9.536088019067365806e-01 9.445546264830375627e-01 9.342819668199799921e-01 9.241955098029965843e-01 9.142375233509770771e-01 9.032978072158032168e-01 8.926569956822524299e-01 8.822742261896692195e-01
1.024533274135235317e+00 1.016015109282520035e+00 1.008532773429543505e+00 1.001970120775991679e+00 9.949796592518523886e-01 9.874415768029917162e-01 9.797967415432741189e-01 9.715980831800768991e-01 9.631316512043278655e-01 9.539796962365636457e-01 9.450834890119762521e-01 9.349988991282551787e-01 9.250959542923244960e-01 9.153173073743500199e-01 9.045647491086589165e-01 8.941025209058764966e-01 8.838901096927195278e-01
1.023118436750474425e+00 1.014825972669721521e+00 1.007561350166391145e+00 1.001209447439337374e+00 9.944159091101114623e-01 9.870735252411974026e-01 9.796203493223618608e-01 9.716151187396229183e-01 9.633389432014360931e-01 9.543896648606072786e-01 9.456644906582393206e-01 9.357840106340777897e-01 9.260800683366108288e-01 9.164958235962660238e-01 9.059458560878652644e-01 8.956767710727061571e-01 8.856484357022059717e-01
1.021577918709394295e+00 1.013536271929569299e+00 1.006513306864947443e+00 1.000395034734929300e+00 9.938176984374540446e-01 9.866893647065333450e-01 9.794452665835571281e-01 9.716506208702443415e-01 9.635809277345899204e-01 9.548516214019286963e-01 9.463111272460539292e-01 9.366517831556687712e-01 9.271633684106053153e-01 9.177896289941085417e-01 9.074587812474338433e-01 8.973984984757530370e-01 8.875690511810472305e-01
1.019920266318739221e+00 1.012155752199223047e+00 1.005399605891801773e+00 9.995391000825293304e-01 9.931980548680409138e-01 9.863028351724588694e-01 9.792859409593698272e-01 9.717197260638597012e-01 9.638733710435806179e-01 9.553821143992236031e-01 9.470403965147613512e-01 9.376201080181478797e-01 9.283646829917384657e-01 9.192184708578559071e-01 9.091244401009328513e-01 8.992897007403601872e-01 8.896749853747695225e-01
1.018649727306885744e+00 1.011185908570174652e+00 1.004719419797817981e+00 9.991389092115577908e-01 9.930517922983574941e-01 9.864059194627124993e-01 9.796314157268833922e-01 9.723081927392749346e-01 9.646986131944115250e-01 9.564597845213941296e-01 9.483271367038231814e-01 9.391597267526640147e-01 9.301507413687677417e-01 9.212452380419894338e-01 9.114012873869139497e-01 9.018045599750111885e-01 8.924162871963730037e-01
1.019593756362048742e+00 1.012418793210243750e+00 1.006232048329888773e+00 1.000923333302951246e+00 9.950782730194845938e-01 9.886677844908744461e-01 9.821210798796667918e-01 9.750247149463180385e-01 9.676346081820765832e-01 9.596297861772069560e-01 9.516869144002473302e-01 9.427519960298629265e-01 9.339695611124744223e-01 9.252851694412073114e-01 9.156697824551828235e-01 9.062900871905816835e-01 8.971077623943483070e-01
1.019855527212405688e+00 1.012967451145154518e+00 1.007058396624510799e+00 1.002019369030857421e+00 9.964121537352534919e-01 9.902325069014825676e-01 9.839093280075136283e-01 9.770356686089265441e-01 9.698609341391919436e-01 9.620868938454514296e-01 9.543302202122211364e-01 9.456263793021694175e-01 9.370696454997425873e-01 9.286063397028856414e-01 9.192203397470642967e-01 9.100592848312021310e-01 9.010847817598496290e-01
1.019048917994753278e+00 1.012448213067976832e+00 1.006816941264564891e+00 1.002047346266197181e+00 9.966759277524288585e-01 9.907249037379016743e-01 9.846234521292560604e-01 9.779710401043035795e-01 9.710104364081643125e-01 9.634669867297622758e-01 9.558960173027997165e-01 9.474250823911849473e-01 9.390967851139170319e-01 9.308578407402592347e-01 9.217062399405160367e-01 9.127685993072774950e-01 9.040073973036816257e-01
1.017195540513142982e+00 1.010881855413145125e+00 1.005527439083427677e+00 1.001026362349846544e+00 9.958881317776381303e-01 9.901630436860204831e-01 9.842810229171231606e-01 9.778479037495408921e-01 9.710997088159007973e-01 9.637861101509895834e-01 9.563999200676865931e-01 9.481632673985240789e-01 9.400652779472662424e-01 9.320532564907960671e-01 9.231398317943754206e-01 9.144300769889092129e-01 9.058868874498041679e-01
1.014320253608736566e+00 1.008292396891756537e+00 1.003213500165397010e+00 9.989789217495729234e-01 9.940707625533096170e-01 9.885684303799420203e-01 9.829030796277861137e-01 9.766868591633163232e-01 9.701489112714991592e-01 9.630638916190350507e-01 9.558612192223300275e-01 9.478595124449473719e-01 9.399931078541270413e-01 9.322099043691420839e-01 9.235378135901882724e-01 9.150595073120644241e-01 9.067383074821376843e-01
1.010450895795165671e+00 1.004706928505297192e+00 9.999012607696872168e-01 9.959305892219477707e-01 9.912489083918741839e-01 9.859657616041704875e-01 9.805139152539740222e-01 9.745117653553213577e-01 9.681815176760473207e-01 9.613232967059833767e-01 9.543025574036959613e-01 9.465358650204812596e-01 9.389016878177464109e-01 9.313485380957576831e-01 9.229202098279232214e-01 9.146761897865938185e-01 9.065802238681914815e-01
1.005617996996102104e+00 1.000155240312829319e+00 9.956198292490155977e-01 9.919098102326681099e-01 9.874505762279573995e-01 9.823826533555828355e-01 9.771407676657291042e-01 9.713494808799689739e-01 9.652240194608655566e-01 9.585903731349529888e-01 9.517496808282376319e-01 9.442174971289916119e-01 9.368155968387180677e-01 9.294931169920037650e-01 9.213102678440627802e-01 9.133026640516636041e-01 9.054344873256401360e-01
9.998545220897880892e-01 9.946696458122776807e-01 9.904008493012973480e-01 9.869475983635139782e-01 9.827063814296048694e-01 9.778493734294499973e-01 9.728135586065893570e-01 9.672295954971485976e-01 9.613056799990093992e-01 9.548939503592147604e-01 9.482311561324222593e-01 9.409324565210934743e-01 9.337623209372210020e-01 9.266705217487640756e-01 9.187341856976215526e-01 9.109644551299462822e-01 9.033259876299507551e-01
9.931956121825575856e-01 9.882846332972321513e-01 9.842782067307032090e-01 9.810772428462497530e-01 9.770492605541509779e-01 9.723985701334548759e-01 9.675646361049999866e-01 9.621841442353128437e-01 9.564582578331313201e-01 9.502654006740877124e-01 9.437781116251019453e-01 9.367113687239827513e-01 9.297719544043556716e-01 9.229102829214190784e-01 9.152208502865752937e-01 9.076897962609496995e-01 9.002821754223340189e-01
9.856782595894062471e-01 9.810366271489864287e-01 9.772877714858522191e-01 9.743340864831320225e-01 9.705142385731182486e-01 9.660649913243108955e-01 9.614284880935317634e-01 9.562473383060482446e-01 9.507156981509916616e-01 9.447383306365161326e-01 9.384239484829965949e-01 9.315871739667859197e-01 9.248769380126777850e-01 9.182443389697486635e-01 9.108015541254128600e-01 9.035093668015445889e-01 8.963332306932468851e-01
9.773410843226725264e-01 9.729637138279789710e-01 9.694671158650040033e-01 9.667551938100455988e-01 9.631381208633593705e-01 9.588852180429692229e-01 9.544414459740770962e-01 9.494552909019796649e-01 9.441138950101336524e-01 9.383483115822957021e-01 9.322040552140904435e-01 9.255948337101711498e-01 9.191117733335847362e-01 9.127066385791082759e-01 9.055097178690302284e-01 8.984559693165463656e-01 8.915113509829359906e-01
9.682240341665726557e-01 9.641053568550511654e-01 9.608552425520661133e-01 9.583791375929545664e-01 9.549592343038539877e-01 9.508973844532431219e-01 9.466414609877079611e-01 9.418457365595058750e-01 9.366903948462024232e-01 9.311326171520075690e-01 9.251555437167777729e-01 9.187710628961499593e-01 9.125127458928090629e-01 9.063330465167102057e-01 8.993806032789811722e-01 8.925643506684228790e-01 8.858506886831508664e-01
9.583681510682092730e-01 9.545021647184183111e-01 9.514923476854809659e-01 9.492457052201704881e-01 9.460171721028592939e-01 9.421409240172949895e-01 9.380677754441610894e-01 9.334577660519962627e-01 9.284841268182385532e-01 9.231299301504982679e-01 9.173169707835213682e-01 9.111540579809942475e-01 9.051176593423578831e-01 8.991609230154677945e-01 8.924510780839229884e-01 8.858708509291918221e-01 8.793870723871646256e-01
9.478152951842289120e-01 9.441955960910430878e-01 9.414195378713811069e-01 9.393956670222346483e-01 9.363525328276272042e-01 9.326563059838950398e-01 9.287607752417827989e-01 9.243315881455488325e-01 9.195351592705836019e-01 9.143800932081329602e-01 9.087280674297431027e-01 9.027832320294272295e-01 8.969655603875144045e-01 8.912289209277720614e-01 8.847593197384984176e-01 8.784131345881014408e-01 8.721576412429320468e-01
9.366079122500462484e-01 9.332277940675228756e-01 9.306786117155707583e-01 9.288705028027688382e-01 9.260066718621106086e-01 9.224847973208770702e-01 9.187615708442526952e-01 9.145082340548494892e-01 9.098844237800181034e-01 9.049238835431236971e-01 8.994295008407362513e-01 8.936989544443426636e-01 8.880964979807572934e-01 8.825767216691088324e-01 8.763445630542062714e-01 8.702299984916838094e-01 8.642007738016365126e-01
9.247888020433328027e-01 9.216412565597005280e-01 9.193118048232936657e-01 9.177122011761725817e-01 9.150214793577906569e-01 9.116682086145103669e-01 9.081119133389515818e-01 9.040293548146448588e-01 8.995734918683453429e-01 8.948026752858491140e-01 8.894626249561883302e-01 8.839423126328260771e-01 8.785512570012208311e-01 8.732447927379511921e-01 8.672468651613528534e-01 8.613610779116245286e-01 8.555556330083124994e-01
9.124009171998603840e-01 9.094787061607293444e-01 9.073615957274734356e-01 9.059630502882046743e-01 9.034391407479162028e-01 9.002486888572396317e-01 8.968539031749209745e-01 8.929369890745989524e-01 8.886443393242630107e-01 8.840583570942168734e-01 8.788692129733908232e-01 8.735548749580469563e-01 8.683711555362818579e-01 8.632741334421026869e-01 8.575068605807060207e-01 8.518466233410106891e-01 8.462620791413323351e-01
8.994871529168092517e-01 8.967827678618162102e-01 8.948704756210446032e-01 8.936652818609263083e-01 8.913019379831289557e-01 8.882685038966831037e-01 8.850297685553897287e-01 8.812733397194753016e-01 8.771391294217604218e-01 8.727329784733520723e-01 8.676913124390086551e-01 8.625784660040004548e-01 8.575977765838148636e-01 8.527060789836451438e-01 8.471655394814158191e-01 8.417272799987193244e-01 8.363604225498989519e-01
8.860901394247054919e-01 8.835959705915188422e-01 8.818807693404896453e-01 8.808611795783188869e-01 8.786520510811539619e-01 8.757698565477696206e-01 8.726816925399341063e-01 8.690805492680723221e-01 8.651000082643599542e-01 8.608686122224318282e-01 8.559709753949874544e-01 8.510549634457755808e-01 8.462727947152933750e-01 8.415820710715052888e-01 8.362636484111455326e-01 8.310434676870698256e-01 8.258907404415773978e-01
8.722520865596612438e-01 8.699603804889266545e-01 8.684344620414864435e-01 8.675925900586263229e-01 8.655309614145119124e-01 8.627946025649052553e-01 8.598515933410291190e-01 8.564005713784939022e-01 8.525689110062494303e-01 8.485071393774821225e-01 8.437500647621831718e-01 8.390260988156088562e-01 8.344377717693989283e-01 8.299434513083038256e-01 8.248430731380291814e-01 8.198367922773248662e-01 8.148943196005984380e-01
8.580145943419964505e-01 8.559175275263909421e-01 8.545729908997929947e-01 8.539009056896875727e-01 8.519809332311533145e-01 8.493842778512850078e-01 8.465809961980518272e-01 8.432749306176419157e-01 8.395873832362487077e-01 8.356900843065295792e-01 8.310701086565969176e-01 8.265332760614432228e-01 8.221339677141957791e-01 8.178313201743704353e-01 8.129442489148979156e-01 8.081474353681525891e-01 8.034110731313504061e-01
8.434185605289036269e-01 8.415082400124579420e-01 8.403371660413886390e-01 8.398269062648840988e-01 8.380423608631851762e-01 8.355797491135377175e-01 8.329108354780123680e-01 8.297445991108940433e-01 8.261964523011937622e-01 8.224584446159297624e-01 8.179721393319145939e-01 8.136174301186753777e-01 8.094021790872962807e-01 8.052863164998967926e-01 8.006076168588484032e-01 7.960156167761449630e-01 7.914810205021476364e-01
8.285039950021639843e-01 8.267725124529158309e-01 8.257669715651527742e-01 8.254105822470013676e-01 8.237553126374248524e-01 8.214211617809301647e-01 8.188813127776618517e-01 8.158498507646290143e-01 8.124364124066070225e-01 8.088525398044835724e-01 8.044964759136747912e-01 8.003188153840783414e-01 7.962825855796651364e-01 7.923481795446001286e-01 7.878730527607187284e-01 7.834810174178451492e-01 7.791435997384829060e-01
8.133099217220204347e-01 8.117493860373389269e-01 8.109014694198867224e-01 8.106910308123387310e-01 8.091589759550462668e-01 8.069477965443893064e-01 8.045317933672057054e-01 8.016301042923263953e-01 7.983467573801598105e-01 7.949118890238204838e-01 7.906826763832575100e-01 7.866769408390167362e-01 7.828146049482033186e-01 7.790568863189302196e-01 7.747797347342504359e-01 7.705826514127298577e-01 7.664376526933971423e-01
7.978742755894606686e-01 7.964768389790490843e-01 7.957787014482947674e-01 7.957063417685793505e-01 7.942915463023118017e-01 7.921979576029953840e-01 7.899006691519605550e-01 7.871238273230615201e-01 7.839660306259216282e-01 7.806750580862822364e-01 7.765693632321317708e-01 7.727303877036001412e-01 7.690367856524162882e-01 7.654505681507729475e-01 7.613660034108397090e-01 7.573587248628399493e-01 7.534012350895087362e-01
7.822338139291700188e-01 7.809916782520623935e-01 7.804355235546175384e-01 7.804935023667930460e-01 7.791901269073512326e-01 7.772088600682689474e-01 7.750252520774176812e-01 7.723684453544223949e-01 7.693317237785285423e-01 7.661796089242730590e-01 7.621941171946492455e-01 7.585167484274295546e-01 7.549866678901215877e-01 7.515667218330336352e-01 7.476692615325206681e-01 7.438465247541641290e-01 7.400715081918249894e-01
7.664240271073494704e-01 7.653294933840059100e-01 7.649076618289080143e-01 7.650883069842286943e-01 7.638906462805504782e-01 7.620165609649933725e-01 7.599417377594661627e-01 7.574002151349222833e-01 7.544801895035231354e-01 7.514619511865137103e-01 7.475934448120870046e-01 7.440724928517012948e-01 7.407007219682045784e-01 7.374417766399337104e-01 7.337258643436800343e-01 7.300823222448068472e-01 7.264846385415500984e-01
7.504790868526356462e-01 7.495245642662596852e-01 7.492295068723502371e-01 7.495252923519916122e-01 7.484277754581191155e-01 7.466558647756387224e-01 7.446850214587616978e-01 7.422541753446301183e-01 7.394465554571977295e-01 7.365572914054004938e-01 7.328025725536307933e-01 7.294329084124507867e-01 7.262142344084070444e-01 7.231110099918505174e-01 7.195710385894725780e-01 7.161012811582364579e-01 7.126757095711231393e-01
7.344317771373377601e-01 7.336098059670539406e-01 7.334341136352474644e-01 7.338376624261978565e-01 7.328348785287233103e-01 7.311602788962660027e-01 7.292887439035772301e-01 7.269640479383221443e-01 7.242646654448925414e-01 7.214995606767456993e-01 7.178555053732522673e-01 7.146320207373887401e-01 7.115612515729712317e-01 7.086084726019121760e-01 7.052388067374973923e-01 7.019373723134333387e-01 6.986786449136332955e-01
7.183134735355595213e-01 7.176167512876978627e-01 7.175531648772479620e-01 7.180572684532711136e-01 7.171439554978379372e-01 7.155619399062480568e-01 7.137851773872829764e-01 7.115622486349255649e-01 7.089670253315333293e-01 7.063213557571059731e-01 7.027849058634667578e-01 6.997025401220109408e-01 6.967745205138786702e-01 6.939669289324544854e-01 6.907619266653673984e-01 6.876233414856374182e-01 6.845261408948770665e-01
7.021540916028627954e-01 7.015754718827574843e-01 7.016169095624982255e-01 7.022145405889956837e-01 7.013856107840616971e-01 6.998916040366462976e-01 6.982052185267854094e-01 6.960797839823759103e-01 6.935847499155174400e-01 6.910538926848441843e-01 6.876220541221025329e-01 6.846758099025445077e-01 6.818854313453773797e-01 6.792178107503863416e-01 6.761718337655423516e-01 6.731906151976083663e-01 6.702496118597467412e-01
6.859820713912280210e-01 6.855145857454654212e-01 6.856541548014204457e-01 6.863384775107875813e-01 6.855889888393477127e-01 6.841785870010715920e-01 6.825783113307115624e-01 6.805462346242291405e-01 6.781475372115424172e-01 6.757269835248785883e-01 6.723968376201073793e-01 6.695817826957870533e-01 6.669237849591131972e-01 6.643911737545257212e-01 6.614986120525858659e-01 6.586692885726703750e-01 6.558791554436324001e-01
6.698243732486156565e-01 6.694612392492441666e-01 6.696922382798131679e-01 6.704566254863261188e-01 6.697818272466438128e-01 6.684507588907815379e-01 6.669324824009790209e-01 6.649897437877998474e-01 6.626836477180578777e-01 6.603689951358928667e-01 6.571376891444470347e-01 6.544489765719081475e-01 6.519186050615289885e-01 6.495156701418801637e-01 6.467709575157045698e-01 6.440880896693873536e-01 6.414435134533655880e-01
6.537064482772847462e-01 6.534410848087983670e-01 6.537570269630276210e-01 6.545950594300006253e-01 6.539903729250651221e-01 6.527345351654371131e-01 6.512942700655529604e-01 6.494369992047566154e-01 6.472198853328318124e-01 6.450068455277805368e-01 6.418716034281332083e-01 6.393044727194195920e-01 6.368968302830444461e-01 6.346185320183028722e-01 6.320161577242613404e-01 6.294743490618479598e-01 6.269700490330409881e-01
6.376522742149671741e-01 6.374783051901664610e-01 6.378729142063147561e-01 6.387783964859801156e-01 6.382394169368805770e-01 6.370548609794880468e-01 6.356887831699354896e-01 6.339132258909981887e-01 6.317815925356672357e-01 6.296660145065657854e-01 6.266241150666783666e-01 6.241739008673292677e-01 6.218841748952452786e-01 6.197255691804794964e-01 6.172600818641295062e-01 6.148539952815402776e-01 6.124847327003296593e-01
6.216843498745882046e-01 6.215955975443587800e-01 6.220628288113988491e-01 6.230297924491084993e-01 6.225522926085959030e-01 6.214352277419251669e-01 6.201396513182670933e-01 6.184421909253836613e-01 6.163926533568285793e-01 6.143704942661232238e-01 6.114193213445888730e-01 6.090814454022547286e-01 6.069049307584459818e-01 6.048611415450437789e-01 6.025271764625660387e-01 6.002515381720067156e-01 5.980121391092358962e-01
6.058237010311394721e-01 6.058142352008277776e-01 6.063482463623199870e-01 6.073709552177878335e-01 6.069508832076030425e-01 6.058976730322902515e-01 6.046690546157584834e-01 6.030462101908249384e-01 6.010755044020112958e-01 5.991428383561836490e-01 5.962797987049309745e-01 5.940498333183877877e-01 5.919819233953940163e-01 5.900481897037415102e-01 5.878404710326982086e-01 5.856900910384287284e-01 5.835754437706355269e-01
5.900899236633682099e-01 5.901540286722281037e-01 5.907492105406526584e-01 5.918221620297074992e-01 5.914556423486414527e-01 5.904628069356157027e-01 5.892977500373449695e-01 5.877461678772405440e-01 5.858511404134634226e-01 5.840041869831689159e-01 5.812267960557885305e-01 5.791003805429542073e-01 5.771365721739726284e-01 5.753082336121848606e-01 5.732215827734562508e-01 5.711913575755063199e-01 5.691964374062207233e-01
5.745012057131112515e-01 5.746333698175580817e-01 5.752843557959694820e-01 5.764022821583690837e-01 5.760856171294266304e-01 5.751498266838909190e-01 5.740450734930374610e-01 5.725615342321245249e-01 5.707391485339157189e-01 5.689742464363106711e-01 5.662800752836300022e-01 5.642529798031694632e-01 5.623888861600977451e-01 5.606613950966896631e-01 5.586907373163787494e-01 5.567756624060407056e-01 5.548955314014427653e-01
5.590743397536045434e-01 5.592692903101713631e-01 5.599709409663843340e-01 5.611288059349643920e-01 5.608584710027876286e-01 5.599765495372958091e-01 5.589289883234827006e-01 5.575103924905584485e-01 5.557577333130104824e-01 5.540713421415771611e-01 5.514580349364963663e-01 5.495261425739756955e-01 5.477574955870566642e-01 5.461264175486663097e-01 5.442667935444337468e-01 5.424619701368216251e-01 5.406917813431838526e-01
5.438247909967426352e-01 5.440774947823249219e-01 5.448248791548661041e-01 5.460178982517336355e-01 5.457905329168134534e-01 5.449594429313888710e-01 5.439660900515791431e-01 5.426094724001958580e-01 5.409237290327426617e-01 5.393124372661586285e-01 5.367776882395860483e-01 5.349370209386205000e-01 5.332596697702641775e-01 5.317206908196021597e-01 5.299672608260554973e-01 5.282679051056079489e-01 5.266030176991465250e-01
5.287666904878070007e-01 5.290723132959957997e-01 5.298607754338777731e-01 5.310843900318912292e-01 5.308968003346666853e-01 5.301136549466144432e-01 5.291716643826049893e-01 5.278741823296456692e-01 5.262526544146010066e-01 5.247131770081463475e-01 5.222547990923134265e-01 5.205014448772328217e-01 5.189113602325401420e-01 5.174602889460919730e-01 5.158083376159741107e-01 5.142097686444225824e-01 5.126454542464574660e-01
5.139129392611533342e-01 5.142668875911603488e-01 5.150919672338943878e-01 5.163418423499908094e-01 5.161910033909631323e-01 5.154530587144853238e-01 5.145597157839759683e-01 5.133186475333907373e-01 5.117587431537384823e-01 5.102879143818668251e-01 5.079036748366819731e-01 5.062339540800313564e-01 5.047272334413479555e-01 5.033600047533587363e-01 5.018049410413928380e-01 5.003027322658373244e-01 4.988343519229585521e-01
4.992751999278315367e-01 4.996730915257135974e-01 5.005305625522159518e-01 5.018026090725730137e-01 5.016856500810039643e-01 5.009902915349070396e-01 5.001430090126186556e-01 4.989557490718011246e-01 4.974549814611189946e-01 4.960497575867526265e-01 4.937376572487416904e-01 4.921477254021767722e-01 4.907207053542838593e-01 4.894333798922582135e-01 4.879707458823330790e-01 4.865603476510815817e-01 4.851836304160971336e-01
4.848639647806753383e-01 4.853016350079021879e-01 4.861875003256526107e-01 4.874778439264343954e-01 4.873920483936886594e-01 4.867367967820149799e-01 4.859331106210050821e-01 4.847971692910525432e-01 4.833531516513193127e-01 4.820106111979905461e-01 4.797685643966268509e-01 4.782550838752973044e-01 4.769039866967970109e-01 4.756927539306982644e-01 4.743182249410631268e-01 4.729953400333363200e-01 4.717060116432514882e-01
4.706885939804579810e-01 4.711620993092154874e-01 4.720725728649193820e-01 4.733775641020386282e-01 4.733203673740756789e-01 4.727028699014148017e-01 4.719404365890803588e-01 4.708534356551884459e-01 4.694638800363065689e-01 4.681812137193699375e-01 4.660072441453875225e-01 4.645668256457646250e-01 4.632881261760996017e-01 4.621493028424245586e-01 4.608586896470986960e-01 4.596191519856750451e-01 4.584130626672575648e-01
4.567573748406198453e-01 4.572629788210916812e-01 4.581944872526753643e-01 4.595106932476655248e-01 4.594796765618913703e-01 4.588977033789662929e-01 4.581742960564874623e-01 4.571339666126170709e-01 4.557966799075824915e-01 4.545711933409288252e-01 4.524633827180812862e-01 4.510927608423778712e-01 4.498830541521819937e-01 4.488130850051137988e-01 4.476024346052424052e-01 4.464421095626599501e-01 4.453152376266276691e-01
4.430775620090612876e-01 4.436117316095907759e-01 4.445609134071311086e-01 4.458851106843833567e-01 4.458779964484083091e-01 4.453294369563628452e-01 4.446429475236759465e-01 4.436471156008413019e-01 4.423599984070847868e-01 4.411891087863338834e-01 4.391455662617353983e-01 4.378415503868055558e-01 4.366974817174983925e-01 4.356928361242311531e-01 4.345579381947211051e-01 4.334727576344383215e-01 4.324208311901815982e-01
4.296399133171752149e-01 4.302008448048033062e-01 4.311670626171634768e-01 4.324991900405816270e-01 4.325137519333259184e-01 4.319953505993757159e-01 4.313419953584087807e-01 4.303856518554801114e-01 4.291420103189073632e-01 4.280179786441359879e-01 4.260251178136877370e-01 4.247749593135473067e-01 4.236831940520700557e-01 4.227301997686659374e-01 4.216538431519495367e-01 4.206252490764140761e-01 4.196282430577297218e-01
4.161304765729784694e-01 4.167300196063792317e-01 4.177385252590953280e-01 4.191133198914402391e-01 4.191452058897516819e-01 4.186366109929455237e-01 4.179906418820763525e-01 4.170353946920158372e-01 4.157819054718598917e-01 4.146501475242524437e-01 4.126042751899982042e-01 4.113297916679209965e-01 4.102143751042172659e-01 4.092401466207585825e-01 4.081340394320822074e-01 4.070706477087825403e-01 4.060330538843101023e-01
4.010032780132458674e-01 4.016789270014923807e-01 4.028209496189668060e-01 4.043732375896719189e-01 4.044017865213173080e-01 4.038172792812707579e-01 4.030723806770630802e-01 4.019636459970235554e-01 4.004908853825880910e-01 3.991413560105960823e-01 3.966565337150667059e-01 3.950705976269646702e-01 3.936537925259241399e-01 3.923917208615722574e-01 3.909342731815068639e-01 3.895018129114230510e-01 3.880725017431864710e-01
3.802576312897641420e-01 3.809610771266565554e-01 3.823192490168477731e-01 3.842637944950842988e-01 3.841605063041622636e-01 3.832100814643548681e-01 3.820225308575467271e-01 3.802929672062048128e-01 3.780044175902652070e-01 3.758343514673935237e-01 3.719802699033564197e-01 3.693650106196112448e-01 3.669718343825792983e-01 3.647873489508506872e-01 3.622807453092196095e-01 3.598136424322671001e-01 3.573638795303049620e-01
3.531755289328982750e-01 3.534197866737366356e-01 3.543854953665910301e-01 3.560452795339286158e-01 3.555103082820744720e-01 3.540344295072063163e-01 3.523140297324439119e-01 3.500199749596329957e-01 3.471896674946600703e-01 3.445040757938470088e-01 3.403174160306847162e-01 3.373347602302503856e-01 3.346146891439777393e-01 3.321245961424111326e-01 3.293466360673175664e-01 3.266498552088882845e-01 3.240082990295652388e-01
3.278622451949683159e-01 3.276102677329993385e-01 3.280022886982691954e-01 3.290091332499082699e-01 3.281226709760804994e-01 3.264136609806914668e-01 3.245027804014931627e-01 3.220880765837987325e-01 3.192190015359577804e-01 3.164492480205222114e-01 3.124472219866328282e-01 3.094187214508298811e-01 3.066280494362706444e-01 3.040445742251320360e-01 3.011922143241792527e-01 2.984288063812795544e-01 2.957312629866363229e-01
3.054214766683033822e-01 3.047961874193458875e-01 3.047511948837549056e-01 3.052556380459691132e-01 3.041184130840302591e-01 3.022583673781504832e-01 3.002307603261383240e-01 2.977570042848052267e-01 2.948944123956988017e-01 2.920970606048784446e-01 2.882791252461964215e-01 2.852551722617036600e-01 2.824491224846374382e-01 2.798317538193914045e-01 2.769637289090504662e-01 2.741899362164665344e-01 2.714895463657749919e-01
2.853828055426593791e-01 2.844768724725513231e-01 2.840986664205082946e-01 2.842165851400894616e-01 2.829012578553898316e-01 2.809465233187741218e-01 2.788527058654409752e-01 2.763612263504408584e-01 2.735346282726274225e-01 2.707476303372470250e-01 2.671090925546216188e-01 2.641228206535394252e-01 2.613376760256925224e-01 2.587261562378662116e-01 2.558808697578184854e-01 2.531331548072367488e-01 2.504640170217075634e-01
2.673721868469706719e-01 2.662560620505968201e-01 2.656235277035834397e-01 2.654428584387914514e-01 2.640032328745420265e-01 2.619947797755322050e-01 2.598706486321512577e-01 2.573901704209497487e-01 2.546190132644839954e-01 2.518680385352699003e-01 2.484020992976696540e-01 2.454751243731727317e-01 2.427349635465609334e-01 2.401557166168603596e-01 2.373582490074039597e-01 2.346602733075233427e-01 2.320442162497289851e-01
2.510902506393762335e-01 2.498180501122700403e-01 2.489918275897035349e-01 2.485801258036803296e-01 2.470564743996571666e-01 2.450241142226598501e-01 2.428955868481988689e-01 2.404460930764704685e-01 2.377430291595225287e-01 2.350453310625741365e-01 2.317441674089568693e-01 2.288903768894061663e-01 2.262109881419770152e-01 2.236815691310854448e-01 2.209482267568059766e-01 2.183150955413810657e-01 2.157658717001275372e-01
2.362945403097670705e-01 2.349082020766327938e-01 2.339353611560548996e-01 2.333450849306147046e-01 2.317678134388747313e-01 2.297334304179758646e-01 2.276191947156206430e-01 2.252145317332959196e-01 2.225875362807175351e-01 2.199545471035354582e-01 2.168099518617776778e-01 2.140379775213781532e-01 2.114294894475537701e-01 2.089613995329999419e-01 2.063024865060912039e-01 2.037436132535775934e-01 2.012695965145669674e-01
2.227865893152847498e-01 2.213188591296946783e-01 2.202362368236821244e-01 2.195084952515244936e-01 2.179007117545159466e-01 2.158803897886720502e-01 2.137939356934165647e-01 2.114435766255953753e-01 2.088973757503805873e-01 2.063364572146737796e-01 2.033401860869456512e-01 2.006550769566595449e-01 1.981237135804594651e-01 1.957242652681691342e-01 1.931459758989544362e-01 1.906669110442002490e-01 1.882728418458541331e-01
2.104023691231881876e-01 2.088789630491114935e-01 2.077155946514034068e-01 2.068828590257957012e-01 2.052622056502083625e-01 2.032677729608339257e-01 2.012187667903661270e-01 1.989290489236596460e-01 1.964660934779299262e-01 1.939817289887163232e-01 1.911257762733238608e-01 1.885301279274312347e-01 1.860793234735854673e-01 1.837529047216013567e-01 1.812586202844002903e-01 1.788622441216995707e-01 1.765503929514618542e-01
1.990051044443609529e-01 1.974463154623463668e-01 1.962252294081726911e-01 1.953133223032645360e-01 1.936933092321314609e-01 1.917333992764101436e-01 1.897287095630436071e-01 1.875036893545053707e-01 1.851248364292907567e-01 1.827194677118781918e-01 1.799961224378158198e-01 1.774906801275575319e-01 1.751221163620144683e-01 1.728710593752838809e-01 1.704622040740816635e-01 1.681495653128599055e-01 1.659205167550436011e-01
1.884798458257006259e-01 1.869017425255583287e-01 1.856412801209199603e-01 1.846708539315595476e-01 1.830618355566457911e-01 1.811426922946510754e-01 1.791870909823562175e-01 1.770291590378175739e-01 1.747341549036453556e-01 1.724087625261842283e-01 1.698107622291419594e-01 1.673950930096227974e-01 1.651090393027774827e-01 1.629342262219753146e-01 1.606108656746192132e-01 1.583817519667053975e-01 1.562349423728352504e-01
1.787292598711476277e-01 1.771445935144462525e-01 1.758594218597945569e-01 1.748470719333638790e-01 1.732569658536614599e-01 1.713830337857102093e-01 1.694797165691716845e-01 1.673900552471657421e-01 1.651778572178264626e-01 1.629323814443565666e-01 1.604528632812418087e-01 1.581257177759826660e-01 1.559215153610366278e-01 1.538228043434629877e-01 1.515840645381062168e-01 1.494373989765702404e-01 1.473714890445826653e-01
1.696703703242451455e-01 1.680892677495414989e-01 1.667911413002319820e-01 1.657502518958050286e-01 1.641850904462510419e-01 1.623594316969576845e-01 1.605104165400018656e-01 1.584893142027739565e-01 1.563583450856090573e-01 1.541919833398948947e-01 1.518245091392436963e-01 1.495840701682125684e-01 1.474604119986925310e-01 1.454369424196964578e-01 1.432813039543339995e-01 1.412154252425393275e-01 1.392285589825469627e-01
1.612319937624569488e-01 1.596624918072160892e-01 1.583608454538258659e-01 1.573022410943442917e-01 1.557665796290793048e-01 1.539912049284332951e-01 1.521976156649589851e-01 1.502447135935916223e-01 1.481930266078586855e-01 1.461044582366090583e-01 1.438429966115160608e-01 1.416870688785973331e-01 1.396422036288685609e-01 1.376926147789912236e-01 1.356181270059056143e-01 1.336309821895863281e-01 1.317209692344830929e-01
1.533527058910393592e-01 1.518011667439876922e-01 1.505035756202920405e-01 1.494360268874687647e-01 1.479332634698914406e-01 1.462093726724502663e-01 1.444716567391097217e-01 1.425861155160183524e-01 1.406115292627173052e-01 1.385990664248605564e-01 1.364380289978281979e-01 1.343641261587801283e-01 1.323960062247830638e-01 1.305185930551942819e-01 1.285230145932318990e-01 1.266123115770194929e-01 1.247767580853729602e-01
1.459792121671443510e-01 1.444506381459211564e-01 1.431631879686787734e-01 1.420938058746161192e-01 1.406264231593535308e-01 1.389545881573459596e-01 1.372726929229739212e-01 1.354533320505171279e-01 1.335535117913005387e-01 1.316152192239641305e-01 1.295492867637893786e-01 1.275548758632494561e-01 1.256612667179795861e-01 1.238540943857287802e-01 1.219350149920700038e-01 1.200983065412551537e-01 1.183347004386213763e-01
1.390650385175446480e-01 1.375633663764659897e-01 1.362908989574988794e-01 1.352254453141701895e-01 1.337952044739248170e-01 1.321755714366078527e-01 1.305490028644718525e-01 1.287943968047960408e-01 1.269669262852576030e-01 1.251007093458083308e-01 1.231249634094787188e-01 1.212073788610197878e-01 1.193859301390198524e-01 1.176469274853329666e-01 1.158018335275905059e-01 1.140365971089370295e-01 1.123423800838753983e-01
1.325694600251834943e-01 1.310977398005711003e-01 1.298441092491440241e-01 1.287872486563938490e-01 1.273953265657611633e-01 1.258275831196545014e-01 1.242556537562864855e-01 1.225642067373119565e-01 1.208066344019740890e-01 1.190103011088202017e-01 1.171201397771434727e-01 1.152766935607154042e-01 1.135250044480116821e-01 1.118520059724944227e-01 1.100783437190345354e-01 1.083820377012459507e-01 1.067546400007988588e-01
